-712 ,-858 ,-759 ,-745 ,-609 ,-620 ,-638 ,-714 ,-872 ,-1090 ,-1280 ,-1687 ,-1891 ,-2017 ,-2020 ,-1971 ,-1732 ,-1406 ,-1270 ,-1209 ,-1132 ,-953 ,-764 ,-620 ,-477 ,-373 ,-379 ,-231 ,-96 ,-204 ,-230 ,
-355 ,-554 ,-532 ,-443 ,-395 ,-285 ,-298 ,-209 ,-109 ,-177 ,-200 ,-215 ,-361 ,-273 ,-461 ,-743 ,-639 ,-662 ,-847 ,-1096 ,-1438 ,-1545 ,-1490 ,-1379 ,-1284 ,-1174 ,-1040 ,-852 ,-443 ,-239 ,-132 ,-76 ,
20 ,-89 ,-13 ,-75 ,19 ,38 ,-24 ,-134 ,-174 ,-42 ,-20 ,195 ,277 ,141 ,28 ,-128 ,-192 ,-297 ,-539 ,-703 ,-843 ,-1017 ,-927 ,-839 ,-836 ,-775 ,-1043 ,-1144 ,-1313 ,-1493 ,-1565 ,-1587 ,
-1555 ,-1552 ,-1305 ,-930 ,-598 ,-340 ,-211 ,-298 ,-293 ,-178 ,-5 ,297 ,502 ,780 ,793 ,853 ,816 ,863 ,836 ,789 ,853 ,737 ,880 ,1029 ,1113 ,1132 ,1078 ,996 ,937 ,924 ,941 ,1060 ,
998 ,922 ,828 ,774 ,710 ,733 ,768 ,713 ,645 ,476 ,814 ,1146 ,1299 ,1691 ,1967 ,2015 ,1981 ,1989 ,1926 ,1878 ,1751 ,1769 ,1803 ,1656 ,1618 ,1513 ,1475 ,1435 ,1605 ,1623 ,1810 ,1854 ,
1872 ,1939 ,1714 ,1561 ,1508 ,1478 ,1458 ,1610 ,1726 ,1740 ,1597 ,1304 ,1148 ,779 ,389 ,332 ,150 ,-68 ,117 ,248 ,307 ,402 ,491 ,627 ,606 ,496 ,332 ,292 ,445 ,588 ,692 ,749 ,
641 ,686 ,710 ,561 ,365 ,475 ,474 ,508 ,488 ,526 ,665 ,743 ,603 ,459 ,231 ,223 ,303 ,353 ,399 ,223 ,17 ,-113 ,-414 ,-558 ,-521 ,-572 ,-553 ,-597 ,-492 ,-481 ,-568 ,-550 ,
-533 ,-636 ,-702 ,-673 ,-479 ,-472 ,-446 ,-745 ,-1094 ,-1227 ,-1209 ,-1251 ,-1070 ,-941 ,-851 ,-773 ,-867 ,-1050 ,-1097 ,-1190 ,-1468 ,-1561 ,-1579 ,-1595 ,-1602 ,-1573 ,-1752 ,-2055 ,-2186 ,-2305 ,-2650 ,-3077 ,
-3401 ,-3601 ,-3782 ,-3615 ,-3493 ,-3151 ,-2837 ,-2601 ,-2336 ,-2426 ,-2458 ,-2130 ,-1841 ,-1561 ,-1339 ,-1037 ,-923 ,-897 ,-927 ,-942 ,-789 ,-733 ,-495 ,-340 ,-222 ,-66 ,-128 ,-193 ,-268 ,-226 ,-76 ,-242 ,
-220 ,-208 ,-283 ,-482 ,-570 ,-556 ,-524 ,-502 ,-415 ,-298 ,-314 ,-309 ,-326 ,-281 ,-226 ,35 ,564 ,613 ,639 ,725 ,696 ,720 ,925 ,1100 ,1070 ,978 ,997 ,1034 ,1091 ,1161 ,1133 ,1365 ,
1562 ,1542 ,1524 ,1441 ,1235 ,1042 ,827 ,675 ,729 ,887 ,1018 ,1029 ,742 ,647 ,296 ,-57 ,-153 ,-290 ,-323 ,-402 ,-384 ,-229 ,-47 ,231 ,470 ,613 ,805 ,968 ,1098 ,1334 ,1457 ,1423 ,
1523 ,1510 ,1441 ,1296 ,1264 ,1159 ,1100 ,1049 ,937 ,1025 ,1184 ,1368 ,1581 ,1570 ,1420 ,1376 ,1236 ,1239 ,1258 ,1268 ,1279 ,1245 ,1128 ,1042 ,917 ,806 ,734 ,600 ,667 ,568 ,674 ,715 ,
708 ,663 ,689 ,573 ,616 ,576 ,635 ,598 ,427 ,214 ,-91 ,-212 ,-253 ,-256 ,11 ,178 ,330 ,442 ,118 ,62 ,-106 ,-282 ,-511 ,-566 ,-460 ,-570 ,-587 ,-647 ,-658 ,-543 ,-622 ,-836 ,
-1035 ,-1316 ,-1506 ,-1877 ,-2006 ,-1802 ,-1677 ,-1560 ,-1448 ,-1285 ,-1173 ,-1176 ,-1230 ,-1202 ,-1105 ,-844 ,-435 ,-260 ,-145 ,-346 ,-587 ,-752 ,-973 ,-918 ,-868 ,-605 ,-354 ,-311 ,-314 ,-334 ,-248 ,-232 ,
-57 ,-146 ,-173 ,-30 ,-97 ,-223 ,-412 ,-466 ,-578 ,-617 ,-701 ,-702 ,-664 ,-913 ,-868 ,-801 ,-671 ,-495 ,-182 ,75 ,197 ,312 ,236 ,420 ,429 ,413 ,373 ,264 ,228 ,315 ,349 ,525 ,
658 ,794 ,1120 ,1187 ,1026 ,939 ,743 ,571 ,360 ,283 ,450 ,461 ,504 ,572 ,602 ,307 ,42 ,-245 ,-361 ,-451 ,-453 ,-413 ,-306 ,-169 ,18 ,152 ,84 ,-13 ,57 ,211 ,216 ,375 ,
521 ,657 ,819 ,983 ,945 ,812 ,853 ,838 ,927 ,848 ,722 ,755 ,822 ,879 ,894 ,789 ,622 ,692 ,545 ,326 ,453 ,352 ,244 ,258 ,334 ,230 ,-101 ,-141 ,-343 ,-499 ,-612 ,-500 ,
-155 ,-73 ,-188 ,-28 ,161 ,322 ,509 ,543 ,543 ,597 ,433 ,406 ,191 ,-95 ,-225 ,-322 ,-174 ,-60 ,3 ,27 ,-321 ,-451 ,-391 ,-564 ,-588 ,-594 ,-554 ,-381 ,-577 ,-604 ,-695 ,-793 ,
-868 ,-1069 ,-1225 ,-1561 ,-1826 ,-1974 ,-1911 ,-1959 ,-1866 ,-1715 ,-1592 ,-1488 ,-1548 ,-1554 ,-1585 ,-1549 ,-1452 ,-1254 ,-930 ,-796 ,-638 ,-671 ,-910 ,-1116 ,-1058 ,-970 ,-808 ,-556 ,-371 ,-129 ,-15 ,-120 ,
-87 ,-104 ,-199 ,-146 ,-180 ,-261 ,-350 ,-412 ,-300 ,-224 ,-86 ,-53 ,-11 ,-125 ,-119 ,-252 ,-186 ,-68 ,31 ,123 ,327 ,453 ,549 ,508 ,493 ,634 ,707 ,813 ,858 ,914 ,820 ,708 ,
635 ,678 ,647 ,724 ,696 ,759 ,698 ,803 ,656 ,622 ,563 ,708 ,718 ,935 ,1131 ,1255 ,1045 ,840 ,638 ,375 ,-70 ,-296 ,-309 ,-303 ,-261 ,-282 ,-288 ,-308 ,-191 ,-145 ,54 ,221 ,
487 ,600 ,789 ,1217 ,1473 ,1530 ,1500 ,1425 ,1331 ,1258 ,1250 ,1288 ,1447 ,1634 ,1689 ,1711 ,1750 ,1717 ,1757 ,1634 ,1506 ,1314 ,1205 ,941 ,943 ,848 ,1009 ,1020 ,830 ,705 ,407 ,411 ,
686 ,942 ,1056 ,1054 ,1031 ,1084 ,1112 ,1102 ,1095 ,1165 ,1152 ,917 ,1067 ,982 ,695 ,348 ,316 ,468 ,401 ,719 ,724 ,861 ,731 ,620 ,460 ,33 ,-31 ,-29 ,-41 ,-141 ,-330 ,-345 ,
-327 ,-386 ,-584 ,-769 ,-1050 ,-1460 ,-1690 ,-1696 ,-1883 ,-1990 ,-2057 ,-2071 ,-2259 ,-2190 ,-1829 ,-1757 ,-1749 ,-1770 ,-1557 ,-1038 ,-740 ,-716 ,-411 ,-599 ,-1027 ,-1093 ,-1087 ,-1347 ,-1230 ,-1072 ,-1010 ,-1066 ,
-1057 ,-1061 ,-1021 ,-985 ,-947 ,-721 ,-758 ,-756 ,-727 ,-789 ,-740 ,-769 ,-753 ,-842 ,-962 ,-1050 ,-892 ,-886 ,-909 ,-606 ,-664 ,-421 ,-398 ,-479 ,-499 ,-451 ,-285 ,-284 ,-300 ,-386 ,-642 ,-705 ,
-821 ,-862 ,-837 ,-872 ,-865 ,-814 ,-584 ,-410 ,-216 ,-164 ,-239 ,-428 ,-304 ,-167 ,-253 ,-269 ,-199 ,-91 ,-74 ,-57 ,-148 ,-318 ,-674 ,-783 ,-802 ,-747 ,-699 ,-674 ,-522 ,-464 ,-529 ,-479 ,
-475 ,-397 ,-427 ,-298 ,6 ,93 ,462 ,592 ,725 ,761 ,539 ,222 ,279 ,484 ,557 ,753 ,583 ,404 ,503 ,294 ,541 ,722 ,734 ,659 ,681 ,660 ,797 ,1022 ,1177 ,985 ,747 ,499 ,
342 ,505 ,535 ,495 ,559 ,563 ,639 ,715 ,693 ,550 ,568 ,752 ,835 ,866 ,852 ,958 ,834 ,769 ,613 ,449 ,531 ,577 ,907 ,1045 ,1135 ,1081 ,1137 ,1178 ,1175 ,913 ,680 ,585 ,
587 ,729 ,752 ,608 ,425 ,67 ,-238 ,-485 ,-840 ,-1015 ,-1019 ,-949 ,-769 ,-589 ,-586 ,-418 ,-482 ,-483 ,-609 ,-643 ,-365 ,-225 ,-99 ,60 ,142 ,199 ,14 ,-100 ,-336 ,-480 ,-356 ,-268 ,
-73 ,1 ,-85 ,-118 ,-20 ,108 ,141 ,169 ,-13 ,-16 ,-26 ,-118 ,-127 ,-128 ,-71 ,-78 ,-338 ,-434 ,-606 ,-427 ,-352 ,-272 ,-279 ,-525 ,-518 ,-463 ,-383 ,-152 ,-37 ,-33 ,90 ,217 ,
481 ,533 ,522 ,287 ,38 ,5 ,6 ,336 ,379 ,388 ,376 ,351 ,132 ,16 ,97 ,43 ,31 ,201 ,318 ,447 ,619 ,631 ,377 ,-114 ,-287 ,-374 ,-412 ,-361 ,-352 ,-402 ,-401 ,-438 ,
-200 ,-77 ,-75 ,-180 ,-206 ,-198 ,13 ,278 ,414 ,583 ,420 ,391 ,193 ,94 ,99 ,182 ,87 ,-155 ,37 ,176 ,575 ,766 ,872 ,776 ,583 ,343 ,352 ,362 ,332 ,460 ,368 ,313 ,
226 ,171 ,-6 ,-17 ,-112 ,-217 ,111 ,34 ,177 ,146 ,127 ,101 ,155 ,401 ,505 ,723 ,574 ,594 ,307 ,245 ,253 ,312 ,421 ,309 ,391 ,355 ,387 ,488 ,222 ,-47 ,-145 ,-200 ,
-280 ,-236 ,-357 ,-220 ,-375 ,-562 ,-389 ,-396 ,-416 ,-639 ,-970 ,-1512 ,-1872 ,-1808 ,-1623 ,-1531 ,-1442 ,-1501 ,-1558 ,-1575 ,-1667 ,-1488 ,-1499 ,-1464 ,-1126 ,-825 ,-686 ,-517 ,-556 ,-788 ,-1144 ,-1034 ,
-921 ,-660 ,-580 ,-367 ,-353 ,-223 ,-54 ,63 ,134 ,82 ,5 ,-60 ,-187 ,-208 ,-50 ,-270 ,-332 ,-518 ,-587 ,-540 ,-674 ,-725 ,-667 ,-794 ,-703 ,-472 ,-113 ,219 ,505 ,528 ,396 ,276 ,
421 ,498 ,676 ,794 ,757 ,719 ,564 ,505 ,509 ,334 ,348 ,419 ,547 ,523 ,581 ,550 ,342 ,55 ,-25 ,111 ,134 ,339 ,557 ,331 ,53 ,-286 ,-567 ,-563 ,-573 ,-403 ,-327 ,-336 ,
-294 ,-309 ,-366 ,-393 ,-411 ,-193 ,35 ,241 ,576 ,833 ,1036 ,1221 ,1364 ,1429 ,1457 ,1528 ,1440 ,1262 ,1057 ,969 ,1104 ,1211 ,1232 ,1120 ,1065 ,944 ,837 ,787 ,646 ,632 ,703 ,937 ,
1144 ,1223 ,994 ,783 ,593 ,344 ,387 ,466 ,524 ,624 ,813 ,921 ,950 ,1068 ,1078 ,1032 ,1130 ,1061 ,1114 ,1005 ,906 ,738 ,603 ,620 ,639 ,731 ,714 ,598 ,316 ,-90 ,-128 ,-31 ,
-79 ,242 ,313 ,188 ,185 ,245 ,147 ,142 ,98 ,-32 ,-158 ,-231 ,-452 ,-669 ,-883 ,-975 ,-967 ,-983 ,-1063 ,-1174 ,-1129 ,-1166 ,-1367 ,-1356 ,-1186 ,-911 ,-558 ,-306 ,-116 ,-39 ,-311 ,-354 ,
-384 ,-582 ,-671 ,-612 ,-576 ,-443 ,-297 ,-107 ,11 ,25 ,-91 ,132 ,319 ,238 ,150 ,-32 ,-253 ,-424 ,-326 ,-439 ,-557 ,-570 ,-735 ,-1144 ,-1183 ,-971 ,-650 ,-595 ,-440 ,-414 ,-267 ,39 ,
78 ,93 ,65 ,-166 ,-237 ,-250 ,-367 ,-407 ,-429 ,-441 ,-375 ,-157 ,-4 ,143 ,393 ,494 ,414 ,113 ,90 ,127 ,264 ,264 ,161 ,199 ,168 ,144 ,127 ,-46 ,-295 ,-562 ,-793 ,-905 ,
-937 ,-884 ,-1061 ,-955 ,-778 ,-602 ,-457 ,-338 ,-345 ,-389 ,-405 ,-360 ,-217 ,161 ,525 ,641 ,1034 ,1163 ,1171 ,1071 ,980 ,948 ,730 ,754 ,855 ,947 ,891 ,792 ,675 ,632 ,444 ,326 ,
283 ,288 ,233 ,1 ,-237 ,-489 ,-609 ,-538 ,-452 ,-304 ,-284 ,-399 ,-442 ,-399 ,-484 ,-530 ,-382 ,-135 ,83 ,257 ,421 ,455 ,531 ,705 ,910 ,1026 ,843 ,830 ,785 ,605 ,411 ,321 ,
321 ,191 ,-121 ,-287 ,-427 ,-458 ,-454 ,-567 ,-518 ,-545 ,-376 ,-325 ,-424 ,-412 ,-632 ,-1095 ,-1290 ,-1474 ,-1514 ,-1430 ,-1391 ,-1434 ,-1331 ,-1322 ,-1313 ,-970 ,-705 ,-477 ,-225 ,-194 ,-283 ,-370 ,
-298 ,-256 ,-454 ,-540 ,-759 ,-1084 ,-1208 ,-1334 ,-1360 ,-1412 ,-1254 ,-852 ,-532 ,-436 ,-288 ,-4 ,95 ,129 ,170 ,168 ,92 ,66 ,-6 ,-207 ,-407 ,-367 ,-282 ,-230 ,-127 ,169 ,399 ,615 ,
748 ,1024 ,983 ,1066 ,1221 ,1260 ,1060 ,849 ,634 ,330 ,138 ,-143 ,-317 ,-412 ,-262 ,-156 ,-118 ,-119 ,-78 ,51 ,195 ,336 ,489 ,461 ,466 ,352 ,264 ,270 ,28 ,195 ,289 ,321 ,
283 ,382 ,569 ,644 ,772 ,904 ,939 ,858 ,892 ,812 ,896 ,955 ,744 ,605 ,378 ,233 ,160 ,193 ,293 ,201 ,207 ,308 ,241 ,319 ,576 ,663 ,628 ,615 ,521 ,541 ,554 ,565 ,
647 ,688 ,765 ,942 ,1052 ,1299 ,1470 ,1475 ,1706 ,1624 ,1473 ,1265 ,1043 ,973 ,876 ,763 ,682 ,572 ,562 ,417 ,395 ,349 ,212 ,65 ,139 ,64 ,-9 ,109 ,185 ,114 ,-36 ,-172 ,
-265 ,-401 ,-547 ,-553 ,-558 ,-594 ,-483 ,-321 ,-23 ,298 ,595 ,862 ,921 ,793 ,675 ,430 ,164 ,-59 ,-294 ,-479 ,-802 ,-1043 ,-1431 ,-1729 ,-1967 ,-2154 ,-2303 ,-2345 ,-2339 ,-2369 ,-2282 ,-2143 ,
-2123 ,-1925 ,-1739 ,-1537 ,-1616 ,-1576 ,-1556 ,-1705 ,-1609 ,-1430 ,-1246 ,-951 ,-471 ,-65 ,311 ,480 ,662 ,629 ,548 ,433 ,288 ,323 ,340 ,16 ,-110 ,-232 ,-443 ,-683 ,-892 ,-895 ,-955 ,-1134 ,
-1162 ,-1195 ,-1169 ,-937 ,-748 ,-557 ,-499 ,-486 ,-603 ,-719 ,-755 ,-688 ,-672 ,-635 ,-639 ,-495 ,-109 ,113 ,201 ,312 ,296 ,271 ,274 ,432 ,504 ,625 ,922 ,907 ,888 ,965 ,895 ,797 ,
479 ,237 ,-49 ,-349 ,-574 ,-563 ,-471 ,-601 ,-614 ,-609 ,-550 ,-460 ,-505 ,-334 ,-280 ,-82 ,227 ,438 ,651 ,765 ,957 ,993 ,1037 ,1141 ,1269 ,1436 ,1454 ,1592 ,1725 ,1911 ,2045 ,2120 ,
2029 ,1747 ,1375 ,1238 ,1037 ,799 ,604 ,304 ,193 ,122 ,205 ,352 ,346 ,393 ,386 ,228 ,259 ,292 ,477 ,681 ,838 ,873 ,882 ,846 ,994 ,983 ,965 ,924 ,809 ,811 ,893 ,987 ,
1219 ,1404 ,1443 ,1400 ,1212 ,1001 ,665 ,418 ,117 ,-107 ,-247 ,-298 ,-229 ,-215 ,-96 ,16 ,-17 ,-103 ,-248 ,-663 ,-862 ,-1026 ,-1175 ,-1277 ,-1535 ,-1689 ,-1830 ,-1783 ,-1572 ,-1368 ,-997 ,-767 ,
-622 ,-595 ,-472 ,-123 ,186 ,481 ,363 ,294 ,423 ,316 ,123 ,-222 ,-505 ,-456 ,-738 ,-924 ,-983 ,-967 ,-806 ,-733 ,-620 ,-413 ,-353 ,-286 ,-380 ,-429 ,-459 ,-653 ,-926 ,-934 ,-1004 ,-1070 ,
-1066 ,-943 ,-522 ,-202 ,21 ,208 ,147 ,121 ,151 ,50 ,-12 ,-101 ,-174 ,-255 ,-547 ,-568 ,-413 ,-456 ,-549 ,-784 ,-943 ,-1089 ,-964 ,-695 ,-494 ,-245 ,-59 ,-35 ,-138 ,-2 ,-9 ,-85 ,
-110 ,-265 ,-361 ,-475 ,-370 ,-249 ,42 ,236 ,239 ,180 ,168 ,249 ,312 ,374 ,389 ,408 ,503 ,399 ,282 ,262 ,346 ,332 ,315 ,282 ,225 ,63 ,23 ,87 ,266 ,457 ,505 ,497 ,
413 ,484 ,555 ,547 ,548 ,491 ,543 ,606 ,741 ,911 ,1258 ,1563 ,1488 ,1450 ,1300 ,1283 ,1175 ,1044 ,1093 ,1003 ,845 ,768 ,728 ,770 ,759 ,651 ,524 ,285 ,123 ,96 ,248 ,333 ,
313 ,385 ,412 ,465 ,511 ,374 ,255 ,110 ,148 ,229 ,273 ,276 ,214 ,220 ,394 ,529 ,552 ,559 ,342 ,224 ,37 ,-18 ,-150 ,-295 ,-456 ,-735 ,-1121 ,-1432 ,-1521 ,-1706 ,-1691 ,-1784 ,
-1704 ,-1674 ,-1653 ,-1442 ,-1300 ,-1195 ,-1020 ,-1095 ,-1133 ,-1191 ,-1104 ,-965 ,-963 ,-1045 ,-1134 ,-1141 ,-995 ,-721 ,-477 ,-297 ,-149 ,61 ,232 ,192 ,195 ,338 ,280 ,293 ,208 ,16 ,-103 ,-297 ,
-582 ,-987 ,-1333 ,-1388 ,-1374 ,-1518 ,-1411 ,-1302 ,-934 ,-556 ,-496 ,-377 ,-365 ,-330 ,-240 ,-209 ,-147 ,-67 ,8 ,43 ,197 ,293 ,295 ,343 ,512 ,462 ,392 ,329 ,304 ,714 ,1030 ,1058 ,
1041 ,887 ,622 ,460 ,315 ,240 ,131 ,-15 ,-332 ,-479 ,-574 ,-505 ,-575 ,-583 ,-659 ,-642 ,-512 ,-529 ,-509 ,-561 ,-612 ,-659 ,-699 ,-602 ,-275 ,150 ,242 ,443 ,545 ,628 ,883 ,1074 ,
1305 ,1475 ,1729 ,2032 ,2204 ,2257 ,2248 ,2166 ,1964 ,1629 ,1409 ,1235 ,980 ,718 ,659 ,714 ,626 ,825 ,830 ,753 ,408 ,88 ,-3 ,86 ,264 ,373 ,427 ,431 ,520 ,660 ,794 ,961 ,
939 ,1134 ,1341 ,1348 ,1335 ,1494 ,1460 ,1337 ,1274 ,1059 ,935 ,952 ,878 ,602 ,648 ,422 ,206 ,207 ,253 ,343 ,404 ,403 ,299 ,127 ,-128 ,-334 ,-598 ,-1005 ,-1335 ,-1713 ,-1882 ,-2094 ,
-2138 ,-2111 ,-2012 ,-1586 ,-1028 ,-612 ,-424 ,-382 ,-336 ,-133 ,-94 ,-63 ,-57 ,14 ,-76 ,-243 ,-226 ,-367 ,-322 ,-371 ,-393 ,-454 ,-300 ,-203 ,-279 ,-282 ,-463 ,-547 ,-751 ,-916 ,-924 ,-1017 ,
-1158 ,-1421 ,-1772 ,-2008 ,-2048 ,-1833 ,-1412 ,-1051 ,-766 ,-399 ,-151 ,130 ,347 ,552 ,491 ,464 ,554 ,406 ,332 ,151 ,160 ,57 ,-4 ,-73 ,-96 ,-122 ,-308 ,-546 ,-860 ,-952 ,-808 ,-630 ,
-654 ,-592 ,-518 ,-567 ,-791 ,-925 ,-1094 ,-1125 ,-1012 ,-1005 ,-821 ,-625 ,-516 ,-459 ,-408 ,-515 ,-542 ,-421 ,-221 ,-44 ,-81 ,-34 ,-52 ,26 ,368 ,501 ,603 ,467 ,505 ,635 ,622 ,612 ,
589 ,607 ,610 ,492 ,280 ,215 ,91 ,112 ,208 ,188 ,158 ,293 ,324 ,439 ,638 ,691 ,716 ,862 ,1028 ,1104 ,1185 ,1189 ,1145 ,1161 ,1245 ,1313 ,1290 ,1335 ,1316 ,1301 ,1177 ,905 ,
574 ,234 ,-9 ,60 ,270 ,329 ,376 ,50 ,-124 ,-315 ,-437 ,-536 ,-428 ,-475 ,-435 ,-324 ,-99 ,345 ,682 ,883 ,889 ,855 ,874 ,795 ,695 ,805 ,685 ,736 ,655 ,652 ,465 ,269 ,
118 ,-139 ,-691 ,-1124 ,-1198 ,-1118 ,-961 ,-998 ,-1047 ,-1084 ,-1116 ,-1186 ,-1175 ,-1197 ,-1249 ,-1373 ,-1438 ,-1629 ,-1759 ,-1756 ,-1701 ,-1505 ,-1061 ,-619 ,-203 ,23 ,95 ,234 ,295 ,390 ,599 ,814 ,
1021 ,994 ,990 ,1004 ,967 ,691 ,317 ,2 ,-296 ,-404 ,-522 ,-738 ,-760 ,-724 ,-630 ,-584 ,-609 ,-449 ,-371 ,-404 ,-413 ,-643 ,-681 ,-796 ,-629 ,-269 ,-77 ,-21 ,-111 ,72 ,202 ,419 ,
653 ,939 ,1164 ,1223 ,1237 ,1215 ,1087 ,981 ,828 ,692 ,685 ,531 ,295 ,-52 ,-450 ,-785 ,-1042 ,-1162 ,-1218 ,-1176 ,-1110 ,-1026 ,-967 ,-822 ,-700 ,-655 ,-605 ,-453 ,-349 ,-272 ,-196 ,-18 ,
147 ,245 ,498 ,732 ,812 ,1069 ,1406 ,1500 ,1525 ,1398 ,1397 ,1349 ,1435 ,1513 ,1432 ,1103 ,783 ,482 ,388 ,377 ,360 ,295 ,71 ,-143 ,-216 ,-161 ,-170 ,-187 ,-55 ,49 ,89 ,143 ,
85 ,141 ,269 ,310 ,414 ,618 ,905 ,1170 ,1396 ,1491 ,1746 ,1683 ,1653 ,1652 ,1597 ,1384 ,1237 ,1019 ,794 ,670 ,311 ,229 ,251 ,229 ,102 ,-74 ,-200 ,-301 ,-493 ,-590 ,-714 ,-738 ,
-712 ,-1025 ,-1492 ,-1889 ,-2095 ,-2006 ,-1876 ,-1634 ,-1472 ,-1151 ,-1053 ,-1023 ,-1022 ,-819 ,-577 ,-594 ,-438 ,-511 ,-443 ,-349 ,-540 ,-762 ,-875 ,-1114 ,-1227 ,-1042 ,-868 ,-678 ,-485 ,-465 ,-416 ,-379 ,
-262 ,-208 ,-188 ,-266 ,-587 ,-804 ,-977 ,-1178 ,-1207 ,-1093 ,-997 ,-955 ,-758 ,-337 ,-124 ,-38 ,228 ,392 ,646 ,751 ,893 ,988 ,982 ,795 ,626 ,687 ,583 ,460 ,163 ,-121 ,-408 ,-589 ,
-541 ,-437 ,-415 ,-183 ,-17 ,-47 ,44 ,39 ,-145 ,-442 ,-684 ,-1005 ,-939 ,-678 ,-447 ,-152 ,-147 ,-233 ,-294 ,-206 ,-183 ,-137 ,-26 ,15 ,61 ,108 ,206 ,369 ,550 ,618 ,639 ,515 ,
409 ,417 ,433 ,495 ,534 ,443 ,562 ,577 ,616 ,736 ,684 ,678 ,604 ,464 ,218 ,130 ,-30 ,27 ,145 ,220 ,429 ,545 ,620 ,797 ,952 ,1115 ,1113 ,1061 ,1034 ,1105 ,1178 ,1309 ,
1489 ,1591 ,1549 ,1482 ,1287 ,1146 ,1311 ,1157 ,1161 ,1142 ,1095 ,1126 ,913 ,835 ,814 ,580 ,213 ,-111 ,-289 ,-438 ,-394 ,-374 ,-297 ,-58 ,23 ,112 ,178 ,207 ,305 ,324 ,388 ,411 ,
351 ,354 ,214 ,87 ,-23 ,-249 ,-475 ,-682 ,-792 ,-761 ,-943 ,-942 ,-768 ,-640 ,-625 ,-752 ,-787 ,-848 ,-785 ,-881 ,-1026 ,-1035 ,-1084 ,-1316 ,-1465 ,-1351 ,-1167 ,-792 ,-657 ,-652 ,-587 ,-270 ,
-133 ,-1 ,228 ,338 ,393 ,452 ,568 ,589 ,697 ,816 ,610 ,257 ,168 ,34 ,-39 ,-99 ,-85 ,-104 ,-185 ,-117 ,-240 ,-406 ,-439 ,-519 ,-710 ,-947 ,-1200 ,-1251 ,-1223 ,-1176 ,-1171 ,-1154 ,
-1102 ,-974 ,-873 ,-813 ,-724 ,-346 ,-102 ,130 ,440 ,568 ,781 ,1044 ,1052 ,935 ,781 ,626 ,478 ,265 ,164 ,-62 ,-270 ,-387 ,-664 ,-981 ,-1080 ,-1052 ,-1060 ,-906 ,-981 ,-1001 ,-1057 ,-1115 ,
-1164 ,-1192 ,-1077 ,-884 ,-765 ,-651 ,-633 ,-575 ,-430 ,-277 ,-135 ,116 ,380 ,644 ,984 ,1321 ,1410 ,1402 ,1402 ,1418 ,1316 ,1143 ,973 ,853 ,785 ,837 ,762 ,548 ,443 ,516 ,538 ,431 ,
249 ,42 ,-134 ,-288 ,-350 ,-319 ,-189 ,-146 ,-61 ,-50 ,0 ,148 ,483 ,848 ,1116 ,1384 ,1537 ,1559 ,1747 ,1744 ,1604 ,1548 ,1545 ,1477 ,1469 ,1221 ,972 ,820 ,760 ,619 ,373 ,244 ,
163 ,103 ,50 ,-168 ,-562 ,-882 ,-1043 ,-1504 ,-1786 ,-1985 ,-2008 ,-1910 ,-1791 ,-1767 ,-1612 ,-1303 ,-936 ,-665 ,-334 ,-67 ,41 ,158 ,221 ,313 ,384 ,362 ,258 ,120 ,9 ,-147 ,-211 ,-167 ,
-71 ,-127 ,-82 ,-66 ,-12 ,-118 ,-323 ,-518 ,-663 ,-796 ,-975 ,-1314 ,-1575 ,-1789 ,-1890 ,-1854 ,-1779 ,-1483 ,-1119 ,-961 ,-640 ,-318 ,-83 ,215 ,319 ,614 ,779 ,793 ,978 ,1246 ,1218 ,1094 ,
976 ,845 ,743 ,714 ,691 ,691 ,551 ,286 ,269 ,257 ,196 ,185 ,63 ,-183 ,-554 ,-959 ,-1211 ,-1264 ,-1294 ,-1301 ,-1128 ,-1065 ,-769 ,-562 ,-566 ,-411 ,-414 ,-339 ,-298 ,-79 ,185 ,416 ,
491 ,421 ,392 ,305 ,357 ,314 ,187 ,55 ,-109 ,-311 ,-265 ,-281 ,-252 ,-158 ,9 ,3 ,-94 ,-137 ,-245 ,-138 ,-291 ,-293 ,-161 ,28 ,435 ,622 ,640 ,662 ,759 ,1042 ,1092 ,1278 ,
1378 ,1562 ,1702 ,1730 ,1868 ,1867 ,1882 ,2027 ,1867 ,1766 ,1609 ,1562 ,1457 ,1264 ,1098 ,1083 ,1098 ,1152 ,964 ,678 ,306 ,-54 ,-427 ,-546 ,-577 ,-481 ,-396 ,-231 ,-22 ,145 ,172 ,236 ,
389 ,522 ,528 ,606 ,804 ,968 ,1128 ,1172 ,1091 ,944 ,751 ,487 ,118 ,-304 ,-480 ,-685 ,-876 ,-935 ,-898 ,-860 ,-963 ,-1162 ,-1091 ,-1223 ,-1484 ,-1619 ,-1792 ,-1796 ,-1856 ,-1648 ,-1411 ,-1268 ,
-1251 ,-1187 ,-963 ,-755 ,-493 ,-277 ,-162 ,-73 ,-43 ,241 ,485 ,695 ,667 ,587 ,461 ,182 ,3 ,-236 ,-343 ,-448 ,-531 ,-636 ,-545 ,-537 ,-610 ,-665 ,-636 ,-689 ,-784 ,-917 ,-881 ,-876 ,
-906 ,-878 ,-911 ,-857 ,-730 ,-743 ,-567 ,-519 ,-423 ,-378 ,-183 ,136 ,280 ,481 ,678 ,814 ,863 ,818 ,857 ,551 ,239 ,4 ,-112 ,-165 ,-436 ,-691 ,-1031 ,-1412 ,-1484 ,-1505 ,-1509 ,-1500 ,
-1442 ,-1555 ,-1685 ,-1546 ,-1447 ,-1328 ,-1374 ,-1167 ,-1030 ,-969 ,-886 ,-613 ,-405 ,46 ,472 ,784 ,1072 ,1236 ,1489 ,1738 ,1905 ,1973 ,1905 ,1782 ,1721 ,1726 ,1769 ,1445 ,1214 ,990 ,652 ,372 ,
242 ,321 ,412 ,456 ,564 ,481 ,448 ,491 ,262 ,59 ,100 ,95 ,64 ,147 ,211 ,307 ,579 ,888 ,995 ,960 ,1047 ,1112 ,1261 ,1401 ,1391 ,1342 ,1377 ,1265 ,1205 ,1223 ,1107 ,865 ,
935 ,960 ,819 ,710 ,643 ,539 ,531 ,631 ,458 ,239 ,-17 ,-302 ,-637 ,-1011 ,-1224 ,-1427 ,-1428 ,-1367 ,-1367 ,-1224 ,-927 ,-757 ,-588 ,-455 ,-245 ,-111 ,-80 ,-17 ,63 ,77 ,18 ,-11 ,
-236 ,-499 ,-606 ,-610 ,-624 ,-642 ,-758 ,-746 ,-609 ,-458 ,-175 ,-51 ,-77 ,-88 ,-326 ,-702 ,-1037 ,-1145 ,-1091 ,-942 ,-830 ,-689 ,-537 ,-454 ,-321 ,-140 ,-43 ,-86 ,55 ,144 ,279 ,558 ,
644 ,710 ,572 ,396 ,289 ,123 ,93 ,10 ,-198 ,-392 ,-450 ,-451 ,-319 ,-131 ,-36 ,-12 ,-157 ,-290 ,-603 ,-726 ,-840 ,-1003 ,-1006 ,-932 ,-979 ,-1040 ,-939 ,-1012 ,-1020 ,-1094 ,-987 ,-797 ,
-639 ,-600 ,-409 ,-271 ,-149 ,45 ,278 ,505 ,563 ,524 ,364 ,263 ,79 ,148 ,172 ,176 ,282 ,246 ,367 ,521 ,524 ,331 ,149 ,13 ,18 ,-48 ,-44 ,2 ,-157 ,-263 ,-342 ,-435 ,
-453 ,-396 ,-488 ,-425 ,-366 ,-271 ,196 ,662 ,850 ,1116 ,1032 ,1070 ,878 ,793 ,776 ,717 ,887 ,977 ,1118 ,1177 ,1142 ,1370 ,1454 ,1348 ,1292 ,1257 ,1275 ,1185 ,1061 ,965 ,881 ,786 ,
788 ,785 ,843 ,822 ,843 ,788 ,838 ,840 ,898 ,956 ,1057 ,1028 ,981 ,866 ,708 ,409 ,136 ,-232 ,-491 ,-562 ,-766 ,-955 ,-1012 ,-1047 ,-963 ,-753 ,-661 ,-564 ,-532 ,-764 ,-1108 ,-1465 ,
-1675 ,-1806 ,-2060 ,-2190 ,-2080 ,-2027 ,-1825 ,-1650 ,-1473 ,-1193 ,-1078 ,-653 ,-377 ,-150 ,81 ,280 ,427 ,481 ,406 ,524 ,551 ,454 ,496 ,477 ,455 ,437 ,347 ,241 ,268 ,266 ,240 ,331 ,
300 ,341 ,106 ,-130 ,-201 ,-388 ,-517 ,-608 ,-743 ,-900 ,-1024 ,-967 ,-681 ,-569 ,-357 ,-365 ,-300 ,-108 ,-34 ,123 ,221 ,217 ,148 ,246 ,349 ,287 ,275 ,62 ,-200 ,-352 ,-367 ,-178 ,
-86 ,-51 ,-44 ,-88 ,-402 ,-661 ,-1005 ,-944 ,-1012 ,-1142 ,-1153 ,-1161 ,-953 ,-746 ,-765 ,-844 ,-980 ,-857 ,-548 ,-398 ,-298 ,-17 ,158 ,539 ,754 ,907 ,1107 ,1290 ,1152 ,1184 ,1271 ,1481 ,
1562 ,1421 ,1250 ,1023 ,812 ,798 ,831 ,803 ,799 ,738 ,853 ,864 ,830 ,601 ,537 ,427 ,283 ,207 ,424 ,545 ,687 ,826 ,958 ,1038 ,1185 ,1163 ,1246 ,1396 ,1432 ,1423 ,1493 ,1578 ,
1460 ,1661 ,1661 ,1530 ,1507 ,1673 ,1573 ,1407 ,979 ,556 ,317 ,359 ,307 ,112 ,-248 ,-600 ,-815 ,-916 ,-1165 ,-1482 ,-1844 ,-2034 ,-2139 ,-2118 ,-1865 ,-1543 ,-1312 ,-1165 ,-1144 ,-858 ,-421 ,-236 ,
29 ,272 ,269 ,212 ,349 ,555 ,752 ,750 ,793 ,696 ,436 ,393 ,417 ,409 ,443 ,339 ,398 ,413 ,242 ,-9 ,-339 ,-846 ,-1097 ,-1284 ,-1352 ,-1343 ,-1282 ,-1207 ,-1194 ,-1267 ,-1185 ,-943 ,
-831 ,-805 ,-789 ,-639 ,-363 ,7 ,296 ,455 ,512 ,580 ,498 ,352 ,2 ,-432 ,-716 ,-1030 ,-1083 ,-783 ,-367 ,110 ,154 ,-17 ,-410 ,-767 ,-847 ,-898 ,-891 ,-908 ,-966 ,-1072 ,-1014 ,-844 ,
-805 ,-905 ,-892 ,-858 ,-949 ,-1125 ,-1179 ,-894 ,-614 ,-533 ,-435 ,-333 ,-237 ,-129 ,53 ,-134 ,-213 ,-379 ,-500 ,-629 ,-588 ,-251 ,185 ,439 ,556 ,429 ,352 ,244 ,274 ,151 ,-66 ,-57 ,
-201 ,-105 ,-40 ,-30 ,275 ,289 ,120 ,-105 ,-342 ,-309 ,-86 ,284 ,825 ,1284 ,1569 ,1794 ,1880 ,1997 ,1800 ,1294 ,1043 ,816 ,924 ,1093 ,1342 ,1415 ,1069 ,665 ,693 ,900 ,930 ,622 ,
198 ,79 ,18 ,-13 ,-59 ,-207 ,-95 ,84 ,-70 ,-112 ,72 ,180 ,278 ,273 ,300 ,303 ,351 ,705 ,1086 ,1158 ,1011 ,666 ,504 ,169 ,2 ,80 ,-53 ,-43 ,-131 ,-181 ,170 ,350 ,
483 ,215 ,-373 ,-731 ,-936 ,-1078 ,-1148 ,-1155 ,-1235 ,-1285 ,-1381 ,-1342 ,-1353 ,-1266 ,-1083 ,-859 ,-634 ,-492 ,-97 ,448 ,849 ,843 ,659 ,451 ,100 ,-190 ,-298 ,-47 ,90 ,232 ,97 ,-104 ,
-153 ,-123 ,-317 ,-614 ,-930 ,-1182 ,-1435 ,-1550 ,-1675 ,-1369 ,-1281 ,-1177 ,-1106 ,-1291 ,-1341 ,-1256 ,-1059 ,-832 ,-738 ,-490 ,-240 ,243 ,898 ,1213 ,1333 ,1347 ,1080 ,942 ,1203 ,1565 ,1935 ,1991 ,
1847 ,1620 ,1354 ,1125 ,762 ,89 ,-710 ,-1242 ,-1599 ,-1846 ,-1697 ,-1495 ,-1404 ,-1509 ,-1799 ,-2217 ,-2435 ,-2446 ,-2464 ,-2345 ,-2305 ,-2236 ,-1648 ,-1116 ,-707 ,-438 ,-273 ,-313 ,-397 ,-30 ,601 ,1208 ,
1764 ,2146 ,2309 ,2534 ,2754 ,2844 ,2508 ,1827 ,1202 ,850 ,474 ,352 ,572 ,677 ,778 ,675 ,524 ,359 ,210 ,67 ,-83 ,-389 ,-558 ,-474 ,-321 ,-118 ,125 ,407 ,546 ,424 ,457 ,522 ,
949 ,1504 ,2123 ,2619 ,2909 ,3237 ,3525 ,3267 ,2675 ,1985 ,1323 ,907 ,579 ,340 ,422 ,654 ,771 ,618 ,279 ,-203 ,-677 ,-1290 ,-1619 ,-1781 ,-1941 ,-2078 ,-1961 ,-1566 ,-1217 ,-964 ,-969 ,-1239 ,
-1453 ,-1345 ,-989 ,-50 ,644 ,1074 ,1420 ,1590 ,1879 ,1673 ,1446 ,1252 ,708 ,150 ,-537 ,-717 ,-749 ,-758 ,-702 ,-896 ,-964 ,-1033 ,-1025 ,-1249 ,-1678 ,-2101 ,-2463 ,-2515 ,-2515 ,-2135 ,-1529 ,-1247 ,
-1193 ,-1242 ,-1406 ,-1193 ,-670 ,203 ,982 ,1426 ,2000 ,2514 ,2760 ,2646 ,2240 ,1737 ,1269 ,527 ,-8 ,-280 ,-281 ,-177 ,-264 ,-253 ,-286 ,-464 ,-722 ,-1070 ,-1301 ,-1516 ,-1467 ,-1205 ,-1024 ,-944 ,
-980 ,-1091 ,-1291 ,-1649 ,-2135 ,-2292 ,-1923 ,-1538 ,-1044 ,-517 ,-33 ,395 ,517 ,471 ,422 ,382 ,160 ,-116 ,-477 ,-671 ,-707 ,-616 ,-503 ,-535 ,-554 ,-421 ,-286 ,-162 ,-128 ,-146 ,-187 ,-147 ,
208 ,412 ,637 ,856 ,822 ,534 ,50 ,39 ,476 ,965 ,1337 ,1809 ,2316 ,2711 ,2881 ,2929 ,2753 ,2490 ,1893 ,1459 ,1273 ,1225 ,1446 ,1520 ,1390 ,1056 ,809 ,549 ,397 ,271 ,-115 ,-345 ,
-284 ,-187 ,8 ,262 ,332 ,338 ,-202 ,-690 ,-1159 ,-1101 ,-729 ,-278 ,229 ,833 ,1377 ,1687 ,1891 ,1717 ,1632 ,1352 ,1026 ,762 ,556 ,399 ,436 ,383 ,127 ,15 ,51 ,23 ,15 ,-144 ,
-505 ,-647 ,-699 ,-667 ,-596 ,-399 ,-93 ,7 ,-85 ,-624 ,-1024 ,-1171 ,-1178 ,-1001 ,-537 ,29 ,278 ,572 ,688 ,712 ,635 ,319 ,15 ,-185 ,-629 ,-633 ,-398 ,-275 ,-294 ,-326 ,-306 ,-413 ,
-561 ,-741 ,-964 ,-1201 ,-1246 ,-1055 ,-826 ,-479 ,-78 ,-41 ,-346 ,-762 ,-1052 ,-1012 ,-934 ,-657 ,-245 ,225 ,318 ,466 ,652 ,668 ,517 ,369 ,0 ,-628 ,-926 ,-953 ,-761 ,-683 ,-816 ,-713 ,
-610 ,-424 ,-244 ,-452 ,-725 ,-976 ,-1278 ,-1663 ,-1695 ,-1274 ,-901 ,-775 ,-1037 ,-1178 ,-1065 ,-893 ,-587 ,-212 ,256 ,786 ,1193 ,1382 ,1441 ,1523 ,1416 ,1092 ,447 ,-93 ,-282 ,-334 ,-219 ,-154 ,
-36 ,141 ,143 ,129 ,302 ,124 ,113 ,225 ,108 ,-128 ,39 ,466 ,639 ,408 ,2 ,-367 ,-478 ,-364 ,-176 ,230 ,553 ,865 ,1089 ,1314 ,1264 ,1103 ,975 ,667 ,191 ,-187 ,-317 ,-436 ,
-472 ,-435 ,-314 ,-198 ,105 ,327 ,454 ,549 ,681 ,637 ,452 ,336 ,517 ,871 ,1193 ,1227 ,1069 ,936 ,952 ,1010 ,1134 ,1599 ,1990 ,2400 ,2680 ,2746 ,2813 ,2543 ,2046 ,1295 ,382 ,-262 ,
-705 ,-846 ,-997 ,-1147 ,-1172 ,-1260 ,-1425 ,-1628 ,-1699 ,-1681 ,-1724 ,-1929 ,-1886 ,-1780 ,-1333 ,-661 ,-278 ,-415 ,-772 ,-1135 ,-1529 ,-1412 ,-1031 ,-535 ,122 ,733 ,1174 ,1489 ,1692 ,1822 ,1599 ,999 ,
373 ,-178 ,-781 ,-1214 ,-1426 ,-1755 ,-1823 ,-1823 ,-1727 ,-1457 ,-1243 ,-1112 ,-1085 ,-1214 ,-1514 ,-1340 ,-908 ,-347 ,14 ,240 ,304 ,109 ,-91 ,-65 ,46 ,217 ,540 ,938 ,1432 ,1815 ,2053 ,2117 ,
1924 ,1403 ,836 ,255 ,-187 ,-632 ,-1024 ,-1282 ,-1357 ,-1539 ,-1627 ,-1961 ,-2283 ,-2194 ,-2235 ,-2418 ,-2318 ,-1938 ,-1239 ,-497 ,-89 ,28 ,-7 ,-77 ,-205 ,-236 ,-50 ,278 ,591 ,929 ,1268 ,1862 ,
2395 ,2481 ,2337 ,2107 ,1682 ,1193 ,908 ,551 ,106 ,-161 ,-205 ,-230 ,-379 ,-529 ,-311 ,-415 ,-725 ,-1105 ,-1317 ,-1161 ,-931 ,-489 ,3 ,363 ,503 ,672 ,820 ,1122 ,1375 ,1636 ,1860 ,2049 ,
2450 ,2967 ,3437 ,3539 ,3373 ,2861 ,2319 ,1826 ,1493 ,1183 ,758 ,384 ,164 ,-75 ,-339 ,-637 ,-582 ,-759 ,-1165 ,-1436 ,-1539 ,-1143 ,-716 ,-278 ,-91 ,13 ,21 ,-133 ,-296 ,-343 ,-300 ,-53 ,
69 ,243 ,508 ,810 ,982 ,1193 ,819 ,191 ,-89 ,-399 ,-788 ,-1076 ,-1466 ,-1602 ,-1685 ,-1841 ,-1828 ,-1733 ,-1565 ,-1626 ,-1949 ,-2196 ,-2359 ,-2240 ,-1907 ,-1246 ,-784 ,-479 ,-129 ,30 ,104 ,139 ,
505 ,838 ,1067 ,1454 ,1834 ,2224 ,2580 ,2536 ,2199 ,1652 ,1020 ,564 ,153 ,-264 ,-519 ,-395 ,-616 ,-998 ,-1173 ,-1214 ,-1390 ,-1938 ,-2418 ,-2786 ,-2886 ,-2673 ,-2337 ,-1930 ,-1624 ,-1536 ,-1470 ,-1453 ,
-1463 ,-1257 ,-816 ,-499 ,-119 ,325 ,934 ,1542 ,2012 ,2069 ,1807 ,1428 ,1018 ,546 ,-62 ,-572 ,-882 ,-1037 ,-1159 ,-1130 ,-795 ,-420 ,-203 ,-385 ,-727 ,-1312 ,-1671 ,-1567 ,-1316 ,-1267 ,-1044 ,-755 ,
-576 ,-519 ,-386 ,-294 ,-106 ,114 ,347 ,745 ,1352 ,2189 ,2757 ,3129 ,3044 ,2761 ,2280 ,1613 ,1017 ,621 ,531 ,380 ,206 ,176 ,241 ,310 ,226 ,10 ,-267 ,-517 ,-585 ,-519 ,-363 ,-70 ,
151 ,167 ,51 ,-229 ,-352 ,-310 ,-253 ,-224 ,82 ,598 ,1130 ,1612 ,2027 ,2436 ,2476 ,2432 ,2302 ,1669 ,1125 ,822 ,424 ,278 ,-26 ,-118 ,-48 ,205 ,497 ,441 ,199 ,-141 ,-499 ,-736 ,
-899 ,-908 ,-768 ,-641 ,-751 ,-784 ,-852 ,-910 ,-965 ,-921 ,-721 ,-361 ,173 ,809 ,1334 ,1602 ,1917 ,1820 ,1467 ,1162 ,868 ,597 ,127 ,-287 ,-573 ,-723 ,-630 ,-404 ,-274 ,-365 ,-568 ,-739 ,
-685 ,-572 ,-451 ,-304 ,-208 ,-446 ,-814 ,-966 ,-1147 ,-1433 ,-1547 ,-1574 ,-1520 ,-1320 ,-912 ,-344 ,-16 ,199 ,473 ,476 ,351 ,174 ,-37 ,-178 ,-374 ,-734 ,-1012 ,-1099 ,-881 ,-561 ,-482 ,-513 ,
-481 ,-509 ,-463 ,-361 ,-296 ,112 ,423 ,468 ,400 ,248 ,125 ,-38 ,-293 ,-402 ,-338 ,-96 ,263 ,526 ,839 ,1061 ,1194 ,1135 ,876 ,506 ,364 ,140 ,119 ,-70 ,-286 ,-492 ,-604 ,-584 ,
-720 ,-887 ,-1011 ,-1093 ,-1089 ,-741 ,-413 ,-75 ,229 ,306 ,427 ,331 ,75 ,105 ,49 ,-227 ,-150 ,37 ,283 ,655 ,874 ,1149 ,1279 ,1134 ,857 ,583 ,384 ,171 ,41 ,-220 ,-387 ,-367 ,
61 ,424 ,549 ,550 ,453 ,205 ,-15 ,-4 ,187 ,465 ,680 ,949 ,1088 ,1014 ,963 ,838 ,666 ,301 ,172 ,356 ,682 ,988 ,1294 ,1631 ,1663 ,1299 ,1022 ,831 ,702 ,518 ,296 ,-32 ,
-344 ,-554 ,-419 ,-359 ,-460 ,-568 ,-844 ,-820 ,-855 ,-677 ,-420 ,-156 ,25 ,44 ,0 ,-45 ,-15 ,-137 ,-283 ,-528 ,-488 ,-139 ,17 ,188 ,284 ,393 ,418 ,188 ,-15 ,-226 ,-338 ,-515 ,
-1025 ,-1399 ,-1615 ,-1582 ,-1379 ,-1142 ,-956 ,-702 ,-782 ,-914 ,-933 ,-1004 ,-911 ,-690 ,-299 ,-191 ,-63 ,97 ,292 ,228 ,-27 ,100 ,167 ,397 ,628 ,975 ,1372 ,1544 ,1505 ,1144 ,651 ,376 ,
179 ,43 ,-417 ,-888 ,-1186 ,-1109 ,-1057 ,-984 ,-946 ,-832 ,-851 ,-835 ,-738 ,-434 ,-107 ,261 ,363 ,168 ,53 ,-34 ,-267 ,-511 ,-656 ,-570 ,-530 ,-411 ,-147 ,168 ,500 ,526 ,300 ,-50 ,
-247 ,-469 ,-649 ,-886 ,-1398 ,-1650 ,-1848 ,-1933 ,-1631 ,-1405 ,-1100 ,-876 ,-588 ,-315 ,-178 ,283 ,726 ,1156 ,1329 ,1424 ,1685 ,1662 ,1622 ,1351 ,1257 ,1198 ,1108 ,1313 ,1719 ,2133 ,2484 ,2625 ,
2544 ,2136 ,1790 ,1543 ,1267 ,858 ,258 ,-67 ,-266 ,-466 ,-630 ,-663 ,-698 ,-929 ,-1055 ,-1070 ,-1140 ,-732 ,-95 ,401 ,686 ,876 ,986 ,974 ,832 ,551 ,453 ,331 ,228 ,340 ,841 ,1498 ,
1892 ,2022 ,1911 ,1500 ,1145 ,839 ,493 ,6 ,-592 ,-961 ,-1309 ,-1346 ,-1315 ,-1282 ,-1042 ,-993 ,-1203 ,-1476 ,-1530 ,-1354 ,-1006 ,-594 ,-285 ,248 ,535 ,584 ,535 ,359 ,93 ,-87 ,-152 ,52 ,
348 ,865 ,1327 ,1504 ,1368 ,1237 ,1243 ,1132 ,779 ,282 ,-192 ,-622 ,-1063 ,-1315 ,-1430 ,-1556 ,-1659 ,-1783 ,-1966 ,-2081 ,-1993 ,-1686 ,-1286 ,-922 ,-616 ,-135 ,197 ,355 ,418 ,380 ,201 ,140 ,
163 ,129 ,364 ,703 ,1033 ,1130 ,1048 ,1084 ,1167 ,1098 ,683 ,128 ,-362 ,-770 ,-1171 ,-1372 ,-1380 ,-1455 ,-1404 ,-1619 ,-2010 ,-2350 ,-2511 ,-2451 ,-2316 ,-2031 ,-1651 ,-1220 ,-791 ,-583 ,-382 ,-169 ,
-77 ,-155 ,-212 ,-102 ,409 ,1068 ,1556 ,1777 ,1846 ,1719 ,1729 ,1634 ,1444 ,1203 ,844 ,592 ,412 ,283 ,137 ,62 ,-40 ,-281 ,-729 ,-1084 ,-1204 ,-1154 ,-1062 ,-894 ,-750 ,-625 ,-369 ,-341 ,
-275 ,-288 ,-254 ,-112 ,-179 ,-137 ,278 ,839 ,1222 ,1201 ,1262 ,1379 ,1378 ,1376 ,1143 ,817 ,500 ,239 ,68 ,-74 ,-92 ,117 ,300 ,49 ,-248 ,-405 ,-524 ,-506 ,-575 ,-509 ,-276 ,156 ,
558 ,791 ,771 ,702 ,473 ,263 ,246 ,379 ,968 ,1465 ,1716 ,1938 ,2035 ,1979 ,1904 ,1837 ,1429 ,878 ,425 ,124 ,-47 ,-159 ,-304 ,-328 ,-340 ,-766 ,-1168 ,-1540 ,-1871 ,-2025 ,-1989 ,-1730 ,
-1469 ,-1196 ,-921 ,-721 ,-777 ,-796 ,-900 ,-1165 ,-1208 ,-884 ,-338 ,162 ,583 ,932 ,1099 ,1141 ,1169 ,1025 ,683 ,228 ,-213 ,-757 ,-1021 ,-1177 ,-808 ,-317 ,-189 ,-357 ,-529 ,-685 ,-980 ,-1203 ,
-1234 ,-1245 ,-1067 ,-807 ,-649 ,-514 ,-500 ,-485 ,-611 ,-904 ,-981 ,-808 ,-353 ,288 ,768 ,1064 ,1482 ,1766 ,1926 ,1720 ,1461 ,1085 ,551 ,11 ,-632 ,-843 ,-775 ,-724 ,-703 ,-937 ,-1162 ,-1325 ,
-1456 ,-1449 ,-1582 ,-1500 ,-1315 ,-1095 ,-954 ,-692 ,-542 ,-632 ,-781 ,-948 ,-1034 ,-949 ,-571 ,-130 ,249 ,765 ,1236 ,1727 ,2009 ,1912 ,1753 ,1462 ,918 ,343 ,-225 ,-239 ,-145 ,-85 ,-56 ,-81 ,
-187 ,-381 ,-391 ,-559 ,-661 ,-547 ,-315 ,-4 ,91 ,250 ,342 ,288 ,133 ,-115 ,-83 ,209 ,617 ,1034 ,1415 ,1849 ,2237 ,2558 ,2629 ,2578 ,2531 ,2473 ,2129 ,1619 ,1272 ,1150 ,1059 ,1024 ,
826 ,654 ,391 ,283 ,251 ,67 ,52 ,0 ,6 ,-44 ,-79 ,-143 ,-162 ,-263 ,-618 ,-937 ,-1070 ,-1029 ,-837 ,-618 ,-477 ,-349 ,-34 ,229 ,393 ,576 ,675 ,579 ,47 ,-527 ,-832 ,-916 ,
-776 ,-530 ,-410 ,-463 ,-605 ,-597 ,-684 ,-702 ,-737 ,-446 ,-145 ,29 ,399 ,606 ,688 ,529 ,123 ,-325 ,-514 ,-340 ,-35 ,135 ,372 ,822 ,1144 ,1068 ,892 ,950 ,849 ,569 ,256 ,-26 ,
-285 ,-233 ,-104 ,-114 ,-255 ,-558 ,-888 ,-1097 ,-1426 ,-1459 ,-1274 ,-1082 ,-844 ,-634 ,-290 ,14 ,160 ,93 ,-148 ,-290 ,-268 ,-235 ,-137 ,7 ,73 ,221 ,316 ,374 ,332 ,427 ,362 ,-127 ,
-511 ,-950 ,-1244 ,-1144 ,-941 ,-728 ,-739 ,-750 ,-636 ,-649 ,-779 ,-937 ,-968 ,-881 ,-789 ,-598 ,-297 ,113 ,387 ,341 ,154 ,100 ,21 ,163 ,362 ,556 ,1029 ,1315 ,1341 ,1535 ,1587 ,1571 ,
1465 ,1160 ,552 ,-14 ,-262 ,-198 ,-38 ,43 ,-42 ,-123 ,-211 ,-421 ,-518 ,-444 ,-302 ,-324 ,-238 ,26 ,390 ,747 ,1115 ,1156 ,975 ,819 ,798 ,841 ,1021 ,1113 ,1323 ,1571 ,1632 ,1615 ,
1777 ,1845 ,1736 ,1368 ,740 ,147 ,-322 ,-424 ,-507 ,-549 ,-517 ,-551 ,-544 ,-816 ,-884 ,-864 ,-866 ,-743 ,-768 ,-620 ,-323 ,-290 ,-223 ,-308 ,-609 ,-650 ,-502 ,-246 ,67 ,484 ,787 ,997 ,
1097 ,1079 ,1169 ,1197 ,1121 ,783 ,272 ,-18 ,-178 ,-239 ,-375 ,-500 ,-565 ,-726 ,-799 ,-982 ,-1033 ,-939 ,-948 ,-962 ,-898 ,-819 ,-647 ,-400 ,-443 ,-679 ,-989 ,-1080 ,-1078 ,-1086 ,-704 ,-373 ,
-156 ,87 ,269 ,549 ,879 ,1061 ,995 ,424 ,-247 ,-760 ,-967 ,-1051 ,-1186 ,-1140 ,-1020 ,-988 ,-1090 ,-1196 ,-1194 ,-1061 ,-851 ,-674 ,-269 ,56 ,410 ,709 ,730 ,400 ,-133 ,-382 ,-554 ,-520 ,
-163 ,311 ,827 ,1161 ,1325 ,1497 ,1591 ,1694 ,1385 ,772 ,315 ,-95 ,-276 ,-384 ,-537 ,-746 ,-862 ,-1157 ,-1613 ,-1836 ,-1929 ,-1806 ,-1611 ,-1347 ,-1007 ,-562 ,-131 ,270 ,356 ,326 ,183 ,145 ,
18 ,-16 ,168 ,564 ,753 ,948 ,1146 ,1474 ,1896 ,2227 ,2007 ,1522 ,928 ,469 ,295 ,-63 ,-161 ,-128 ,-142 ,-169 ,-168 ,-442 ,-538 ,-617 ,-691 ,-688 ,-597 ,-130 ,411 ,698 ,797 ,685 ,
507 ,230 ,78 ,85 ,441 ,740 ,1030 ,1352 ,1645 ,2073 ,2387 ,2530 ,2188 ,1639 ,1101 ,683 ,406 ,200 ,-12 ,-164 ,-404 ,-721 ,-1092 ,-1480 ,-1797 ,-1918 ,-2137 ,-2106 ,-1806 ,-1223 ,-784 ,-519 ,
-396 ,-378 ,-463 ,-582 ,-495 ,-472 ,-241 ,-37 ,110 ,215 ,374 ,793 ,1273 ,1602 ,1445 ,1119 ,788 ,234 ,-101 ,-490 ,-641 ,-859 ,-929 ,-1074 ,-1431 ,-1593 ,-1633 ,-1840 ,-1990 ,-2018 ,-1639 ,-1313 ,
-1007 ,-663 ,-384 ,-375 ,-488 ,-497 ,-408 ,-227 ,254 ,610 ,824 ,892 ,1164 ,1510 ,1896 ,1946 ,1654 ,1479 ,1224 ,940 ,662 ,653 ,597 ,626 ,442 ,144 ,-353 ,-716 ,-1050 ,-1461 ,-1800 ,-1946 ,
-1844 ,-1623 ,-1433 ,-1202 ,-1105 ,-1200 ,-1281 ,-1497 ,-1571 ,-1394 ,-1066 ,-703 ,-565 ,-454 ,-21 ,481 ,953 ,1143 ,896 ,593 ,265 ,-57 ,-304 ,-449 ,-391 ,-24 ,42 ,-35 ,-171 ,-255 ,-398 ,-773 ,
-792 ,-752 ,-458 ,-127 ,328 ,483 ,472 ,362 ,123 ,-53 ,-169 ,46 ,458 ,788 ,934 ,1262 ,1757 ,2212 ,2506 ,2573 ,2333 ,2053 ,1752 ,1385 ,1055 ,951 ,809 ,833 ,635 ,330 ,159 ,-52 ,
-376 ,-771 ,-939 ,-984 ,-932 ,-564 ,-168 ,4 ,154 ,198 ,18 ,-123 ,-200 ,-195 ,4 ,40 ,-24 ,225 ,618 ,1227 ,1721 ,1879 ,1892 ,1588 ,1059 ,360 ,-199 ,-415 ,-472 ,-291 ,-137 ,-115 ,
-133 ,-260 ,-468 ,-719 ,-1002 ,-1193 ,-1157 ,-911 ,-547 ,-204 ,-171 ,-209 ,-544 ,-870 ,-990 ,-899 ,-814 ,-673 ,-451 ,-125 ,444 ,892 ,1308 ,1578 ,1524 ,1406 ,1118 ,751 ,258 ,91 ,93 ,-100 ,
-270 ,-389 ,-446 ,-674 ,-774 ,-973 ,-1118 ,-1056 ,-810 ,-491 ,-298 ,-144 ,-22 ,-55 ,-306 ,-467 ,-468 ,-284 ,-361 ,-526 ,-541 ,-324 ,103 ,622 ,1191 ,1538 ,1718 ,1699 ,1375 ,842 ,328 ,-134 ,
-334 ,-663 ,-972 ,-1164 ,-1253 ,-1321 ,-1382 ,-1604 ,-1811 ,-1770 ,-1507 ,-1186 ,-885 ,-577 ,-497 ,-624 ,-823 ,-873 ,-818 ,-732 ,-618 ,-561 ,-438 ,-161 ,296 ,888 ,1270 ,1603 ,1826 ,1870 ,1704 ,1371 ,
1354 ,1352 ,1357 ,1276 ,1066 ,803 ,461 ,216 ,-109 ,-455 ,-704 ,-731 ,-688 ,-545 ,-154 ,119 ,130 ,-22 ,-336 ,-489 ,-426 ,-548 ,-644 ,-515 ,-404 ,-313 ,17 ,434 ,830 ,1094 ,1431 ,1364 ,
997 ,600 ,468 ,429 ,365 ,266 ,290 ,187 ,109 ,94 ,-153 ,-355 ,-480 ,-387 ,-108 ,152 ,398 ,764 ,832 ,592 ,368 ,123 ,13 ,57 ,41 ,88 ,109 ,263 ,610 ,808 ,988 ,1206 ,
1326 ,1176 ,818 ,586 ,500 ,327 ,154 ,-25 ,-194 ,-273 ,-434 ,-640 ,-994 ,-1301 ,-1540 ,-1702 ,-1658 ,-1339 ,-875 ,-541 ,-376 ,-301 ,-352 ,-361 ,-392 ,-412 ,-504 ,-650 ,-672 ,-508 ,-239 ,99 ,
511 ,927 ,1023 ,716 ,308 ,-58 ,-313 ,-400 ,-414 ,-428 ,-387 ,-215 ,-144 ,-129 ,-284 ,-517 ,-763 ,-891 ,-922 ,-697 ,-336 ,-82 ,73 ,-152 ,-342 ,-289 ,-195 ,-112 ,-81 ,-97 ,91 ,309 ,
387 ,662 ,862 ,1035 ,925 ,673 ,360 ,114 ,-80 ,-261 ,-396 ,-557 ,-585 ,-829 ,-923 ,-1045 ,-1248 ,-1277 ,-1307 ,-1348 ,-1215 ,-1011 ,-812 ,-576 ,-477 ,-509 ,-533 ,-304 ,-33 ,103 ,225 ,330 ,
267 ,353 ,577 ,1031 ,1570 ,1891 ,1929 ,1839 ,1464 ,1074 ,653 ,231 ,-91 ,-369 ,-469 ,-454 ,-529 ,-709 ,-872 ,-921 ,-938 ,-990 ,-861 ,-355 ,23 ,275 ,365 ,350 ,191 ,198 ,380 ,348 ,
499 ,752 ,929 ,1183 ,1519 ,1869 ,2258 ,2445 ,2387 ,2158 ,1891 ,1704 ,1616 ,1626 ,1508 ,1194 ,984 ,838 ,413 ,70 ,-290 ,-655 ,-930 ,-1079 ,-888 ,-596 ,-272 ,-112 ,-271 ,-501 ,-635 ,-668 ,
-726 ,-790 ,-773 ,-715 ,-695 ,-547 ,-297 ,138 ,610 ,929 ,885 ,633 ,456 ,209 ,-9 ,-321 ,-542 ,-612 ,-615 ,-681 ,-866 ,-984 ,-1053 ,-1397 ,-1545 ,-1490 ,-1188 ,-679 ,-202 ,106 ,138 ,101 ,
106 ,-46 ,-178 ,-175 ,-274 ,-283 ,-176 ,115 ,481 ,1026 ,1392 ,1763 ,1818 ,1578 ,1334 ,1104 ,922 ,528 ,325 ,350 ,155 ,-135 ,-432 ,-854 ,-1192 ,-1639 ,-1849 ,-1968 ,-1888 ,-1440 ,-856 ,-615 ,
-414 ,-256 ,-203 ,-249 ,-266 ,-361 ,-577 ,-835 ,-987 ,-861 ,-595 ,-77 ,543 ,850 ,928 ,811 ,685 ,476 ,68 ,-195 ,-378 ,-522 ,-496 ,-596 ,-553 ,-788 ,-1076 ,-1441 ,-1807 ,-1814 ,-1433 ,-1013 ,
-584 ,-407 ,-223 ,-106 ,13 ,108 ,307 ,359 ,301 ,312 ,291 ,376 ,690 ,1240 ,1635 ,1748 ,1744 ,1782 ,1694 ,1647 ,1364 ,1150 ,1046 ,792 ,661 ,592 ,401 ,172 ,-102 ,-602 ,-973 ,-1239 ,
-1098 ,-725 ,-531 ,-400 ,-246 ,-19 ,65 ,200 ,464 ,489 ,360 ,280 ,88 ,196 ,591 ,1104 ,1535 ,1938 ,1969 ,2050 ,1929 ,1447 ,1140 ,789 ,548 ,326 ,36 ,-42 ,-267 ,-542 ,-909 ,-1346 ,
-1868 ,-1973 ,-1805 ,-1453 ,-1151 ,-1030 ,-793 ,-782 ,-808 ,-838 ,-879 ,-736 ,-672 ,-553 ,-380 ,-132 ,293 ,800 ,1169 ,1277 ,1419 ,1422 ,1267 ,1187 ,1119 ,1201 ,1180 ,1169 ,1038 ,891 ,677 ,273 ,
-117 ,-711 ,-1364 ,-1470 ,-1386 ,-1268 ,-1155 ,-1179 ,-1058 ,-1061 ,-1072 ,-959 ,-864 ,-850 ,-861 ,-1020 ,-1051 ,-840 ,-375 ,91 ,487 ,876 ,1085 ,1062 ,858 ,454 ,191 ,-44 ,-219 ,-216 ,-148 ,-144 ,
-23 ,10 ,-263 ,-763 ,-1274 ,-1325 ,-1242 ,-1058 ,-801 ,-744 ,-642 ,-636 ,-734 ,-633 ,-704 ,-796 ,-850 ,-965 ,-990 ,-648 ,-55 ,533 ,1002 ,1343 ,1635 ,1630 ,1315 ,1066 ,782 ,613 ,491 ,461 ,
468 ,436 ,404 ,282 ,-123 ,-579 ,-1009 ,-1066 ,-969 ,-910 ,-684 ,-536 ,-446 ,-362 ,-255 ,-320 ,-230 ,-280 ,-496 ,-670 ,-794 ,-590 ,-260 ,165 ,751 ,1308 ,1661 ,1821 ,1750 ,1485 ,1219 ,953 ,
813 ,607 ,478 ,548 ,651 ,673 ,363 ,11 ,-258 ,-340 ,-317 ,-240 ,-56 ,65 ,118 ,77 ,70 ,134 ,236 ,186 ,-16 ,-239 ,-315 ,-206 ,100 ,368 ,642 ,1076 ,1389 ,1565 ,1569 ,1427 ,
1127 ,1031 ,865 ,578 ,410 ,344 ,350 ,154 ,-197 ,-654 ,-908 ,-1072 ,-1127 ,-1046 ,-1045 ,-966 ,-872 ,-713 ,-638 ,-547 ,-358 ,-523 ,-714 ,-921 ,-966 ,-986 ,-742 ,-391 ,59 ,547 ,804 ,1101 ,
1055 ,866 ,677 ,538 ,183 ,-124 ,-313 ,-224 ,-321 ,-604 ,-1029 ,-1442 ,-1651 ,-1629 ,-1401 ,-1142 ,-932 ,-696 ,-492 ,-529 ,-501 ,-394 ,-319 ,-423 ,-530 ,-663 ,-550 ,-455 ,-324 ,-102 ,287 ,550 ,
837 ,1000 ,1123 ,1196 ,1311 ,1387 ,1272 ,1141 ,1077 ,1066 ,914 ,553 ,-9 ,-595 ,-1036 ,-1146 ,-1151 ,-1185 ,-1127 ,-1042 ,-1003 ,-976 ,-899 ,-657 ,-486 ,-644 ,-890 ,-1060 ,-1243 ,-1351 ,-1144 ,-882 ,
-470 ,29 ,374 ,432 ,470 ,459 ,333 ,186 ,64 ,114 ,318 ,594 ,686 ,518 ,169 ,-286 ,-533 ,-644 ,-670 ,-612 ,-303 ,-75 ,127 ,224 ,336 ,512 ,445 ,307 ,164 ,105 ,190 ,332 ,
515 ,818 ,1141 ,1544 ,1709 ,1745 ,1643 ,1604 ,1525 ,1442 ,1196 ,1059 ,1231 ,1353 ,1270 ,917 ,508 ,56 ,-103 ,-286 ,-397 ,-339 ,-203 ,-223 ,-199 ,-112 ,33 ,229 ,325 ,222 ,46 ,-161 ,
-323 ,-370 ,-353 ,-125 ,150 ,571 ,813 ,910 ,831 ,773 ,671 ,303 ,-47 ,-281 ,-204 ,-62 ,-23 ,-138 ,-313 ,-538 ,-765 ,-949 ,-1009 ,-859 ,-739 ,-663 ,-567 ,-477 ,-332 ,-85 ,-65 ,-165 ,
-186 ,-101 ,-217 ,-247 ,-143 ,123 ,419 ,642 ,805 ,773 ,689 ,686 ,607 ,359 ,147 ,36 ,194 ,318 ,160 ,-43 ,-300 ,-606 ,-765 ,-831 ,-864 ,-720 ,-688 ,-695 ,-720 ,-608 ,-526 ,-438 ,
-276 ,-276 ,-380 ,-265 ,-240 ,-218 ,-71 ,237 ,716 ,1066 ,1151 ,1260 ,1272 ,1113 ,724 ,239 ,-109 ,-213 ,-269 ,-327 ,-636 ,-994 ,-1376 ,-1617 ,-1859 ,-1858 ,-1616 ,-1274 ,-1110 ,-890 ,-842 ,-704 ,
-621 ,-539 ,-599 ,-543 ,-552 ,-559 ,-441 ,-252 ,45 ,545 ,1052 ,1283 ,1450 ,1648 ,1801 ,1915 ,1738 ,1475 ,1364 ,1366 ,1427 ,1334 ,1050 ,853 ,457 ,-170 ,-479 ,-676 ,-670 ,-586 ,-553 ,-435 ,
-269 ,-145 ,10 ,255 ,244 ,128 ,-13 ,-236 ,-448 ,-441 ,-114 ,329 ,860 ,1208 ,1284 ,1497 ,1478 ,1251 ,1118 ,739 ,548 ,610 ,706 ,732 ,702 ,410 ,33 ,-377 ,-774 ,-1063 ,-1125 ,-937 ,
-807 ,-556 ,-242 ,-42 ,106 ,160 ,146 ,8 ,-205 ,-317 ,-409 ,-354 ,-45 ,337 ,781 ,985 ,1206 ,1347 ,1403 ,1382 ,1153 ,889 ,727 ,725 ,702 ,628 ,420 ,122 ,-233 ,-706 ,-1141 ,-1331 ,
-1520 ,-1598 ,-1569 ,-1564 ,-1407 ,-1113 ,-876 ,-622 ,-543 ,-496 ,-513 ,-741 ,-1076 ,-1197 ,-1107 ,-852 ,-378 ,44 ,445 ,789 ,986 ,987 ,697 ,397 ,205 ,212 ,237 ,293 ,266 ,111 ,-243 ,-693 ,
-1181 ,-1414 ,-1519 ,-1502 ,-1475 ,-1351 ,-1060 ,-791 ,-473 ,-348 ,-136 ,-74 ,-163 ,-305 ,-476 ,-472 ,-293 ,-98 ,193 ,339 ,537 ,724 ,780 ,747 ,525 ,345 ,416 ,558 ,646 ,577 ,558 ,341 ,
-60 ,-528 ,-954 ,-1245 ,-1344 ,-1463 ,-1475 ,-1507 ,-1433 ,-1205 ,-1034 ,-857 ,-569 ,-292 ,-241 ,-270 ,-301 ,-329 ,-45 ,328 ,640 ,908 ,1282 ,1610 ,1653 ,1544 ,1331 ,1087 ,926 ,803 ,735 ,596 ,
582 ,346 ,23 ,-404 ,-773 ,-987 ,-1046 ,-1114 ,-1077 ,-966 ,-864 ,-624 ,-426 ,-321 ,-161 ,-229 ,-309 ,-380 ,-402 ,-251 ,175 ,543 ,928 ,1402 ,1688 ,2046 ,2069 ,1922 ,1778 ,1723 ,1718 ,1752 ,
1826 ,1849 ,1871 ,1630 ,1204 ,741 ,311 ,-141 ,-381 ,-723 ,-1032 ,-1111 ,-985 ,-872 ,-832 ,-738 ,-690 ,-755 ,-1063 ,-1336 ,-1483 ,-1483 ,-1282 ,-941 ,-652 ,-190 ,362 ,691 ,756 ,610 ,289 ,87 ,
25 ,58 ,163 ,342 ,438 ,356 ,157 ,-286 ,-716 ,-892 ,-1040 ,-1151 ,-1222 ,-1235 ,-1223 ,-1137 ,-949 ,-769 ,-800 ,-827 ,-1022 ,-1174 ,-1238 ,-1063 ,-792 ,-472 ,-140 ,300 ,881 ,1310 ,1489 ,1491 ,
1324 ,1118 ,920 ,803 ,765 ,843 ,923 ,828 ,651 ,370 ,181 ,-39 ,-252 ,-481 ,-717 ,-754 ,-853 ,-963 ,-822 ,-612 ,-470 ,-461 ,-745 ,-1110 ,-1456 ,-1612 ,-1573 ,-1485 ,-1169 ,-543 ,57 ,478 ,
807 ,821 ,688 ,463 ,215 ,96 ,89 ,217 ,359 ,198 ,-20 ,-319 ,-512 ,-526 ,-603 ,-643 ,-610 ,-555 ,-406 ,-189 ,6 ,190 ,299 ,245 ,-75 ,-216 ,-209 ,-279 ,-311 ,-253 ,-51 ,257 ,
606 ,914 ,1050 ,1168 ,1140 ,1245 ,1319 ,1360 ,1498 ,1527 ,1476 ,1254 ,952 ,741 ,604 ,465 ,334 ,260 ,138 ,-129 ,-332 ,-253 ,-2 ,255 ,448 ,386 ,249 ,157 ,68 ,-3 ,-77 ,-64 ,
101 ,446 ,883 ,1045 ,1276 ,1349 ,1152 ,1068 ,924 ,712 ,734 ,815 ,706 ,370 ,-54 ,-293 ,-592 ,-825 ,-999 ,-1046 ,-998 ,-974 ,-939 ,-849 ,-632 ,-363 ,-281 ,-465 ,-613 ,-793 ,-815 ,-830 ,
-807 ,-634 ,-298 ,-2 ,315 ,516 ,693 ,770 ,740 ,711 ,645 ,786 ,1004 ,1159 ,1106 ,925 ,713 ,381 ,-8 ,-436 ,-704 ,-766 ,-985 ,-1069 ,-1037 ,-1039 ,-705 ,-416 ,-309 ,-369 ,-554 ,-680 ,
-797 ,-1000 ,-1120 ,-1070 ,-937 ,-689 ,-376 ,34 ,92 ,45 ,84 ,-90 ,-213 ,37 ,241 ,449 ,499 ,392 ,275 ,77 ,-244 ,-490 ,-728 ,-824 ,-971 ,-1064 ,-1021 ,-1024 ,-732 ,-466 ,-334 ,-377 ,
-426 ,-448 ,-516 ,-537 ,-591 ,-518 ,-346 ,-29 ,262 ,535 ,798 ,824 ,709 ,517 ,469 ,469 ,657 ,805 ,855 ,787 ,759 ,617 ,572 ,420 ,307 ,157 ,-178 ,-348 ,-446 ,-408 ,-212 ,112 ,
134 ,150 ,81 ,-114 ,-251 ,-350 ,-323 ,-243 ,-46 ,338 ,596 ,920 ,1143 ,1271 ,1016 ,799 ,731 ,763 ,837 ,840 ,768 ,530 ,315 ,167 ,-25 ,-113 ,-132 ,-168 ,-11 ,-89 ,-113 ,77 ,
292 ,481 ,501 ,357 ,295 ,207 ,227 ,176 ,128 ,272 ,443 ,514 ,678 ,761 ,864 ,835 ,670 ,591 ,610 ,631 ,639 ,559 ,501 ,397 ,35 ,-32 ,-220 ,-376 ,-443 ,-625 ,-685 ,-815 ,
-854 ,-776 ,-569 ,-502 ,-381 ,-340 ,-417 ,-431 ,-560 ,-643 ,-643 ,-524 ,-330 ,-47 ,241 ,617 ,760 ,649 ,405 ,50 ,-66 ,-99 ,-109 ,-114 ,-330 ,-480 ,-652 ,-966 ,-1303 ,-1532 ,-1577 ,-1483 ,
-1403 ,-1331 ,-1056 ,-747 ,-493 ,-402 ,-398 ,-509 ,-791 ,-812 ,-811 ,-879 ,-639 ,-279 ,77 ,381 ,871 ,1164 ,1439 ,1429 ,1177 ,894 ,998 ,1030 ,1128 ,1209 ,1014 ,722 ,411 ,54 ,-290 ,-634 ,
-746 ,-1016 ,-1245 ,-1268 ,-1260 ,-1086 ,-835 ,-600 ,-480 ,-423 ,-585 ,-669 ,-822 ,-1097 ,-1146 ,-1058 ,-784 ,-421 ,119 ,587 ,835 ,902 ,832 ,778 ,734 ,810 ,831 ,842 ,907 ,844 ,677 ,257 ,
-113 ,-404 ,-617 ,-859 ,-1022 ,-1146 ,-1031 ,-711 ,-436 ,-68 ,94 ,298 ,248 ,192 ,-24 ,-127 ,9 ,214 ,511 ,870 ,1293 ,1600 ,1819 ,1931 ,1777 ,1654 ,1561 ,1663 ,1693 ,1745 ,1727 ,1580 ,
1464 ,1177 ,975 ,759 ,375 ,73 ,-328 ,-568 ,-719 ,-690 ,-482 ,-326 ,-179 ,-139 ,-263 ,-361 ,-553 ,-751 ,-830 ,-809 ,-730 ,-492 ,46 ,397 ,623 ,669 ,483 ,464 ,479 ,397 ,432 ,547 ,
514 ,448 ,103 ,-326 ,-590 ,-673 ,-860 ,-1157 ,-1381 ,-1476 ,-1437 ,-1199 ,-1016 ,-856 ,-797 ,-693 ,-609 ,-830 ,-948 ,-786 ,-880 ,-756 ,-788 ,-567 ,-269 ,-49 ,282 ,242 ,134 ,350 ,441 ,417 ,
574 ,852 ,910 ,865 ,821 ,611 ,381 ,101 ,-85 ,-334 ,-743 ,-1097 ,-1204 ,-1039 ,-944 ,-824 ,-531 ,-345 ,-357 ,-431 ,-451 ,-502 ,-603 ,-564 ,-340 ,114 ,499 ,756 ,816 ,714 ,539 ,339 ,
248 ,281 ,286 ,401 ,605 ,542 ,285 ,-4 ,-355 ,-632 ,-746 ,-943 ,-1248 ,-1352 ,-1215 ,-958 ,-913 ,-804 ,-726 ,-640 ,-811 ,-913 ,-894 ,-787 ,-548 ,-507 ,-71 ,450 ,984 ,1356 ,1495 ,1523 ,
1425 ,1484 ,1477 ,1473 ,1513 ,1676 ,1765 ,1689 ,1563 ,1361 ,1353 ,1152 ,919 ,534 ,93 ,-196 ,-300 ,-286 ,-279 ,-9 ,172 ,194 ,79 ,-92 ,-294 ,-582 ,-916 ,-945 ,-726 ,-314 ,258 ,720 ,
1008 ,1102 ,1186 ,1067 ,956 ,970 ,1002 ,1136 ,1167 ,1102 ,916 ,784 ,593 ,506 ,137 ,-397 ,-683 ,-933 ,-940 ,-893 ,-765 ,-565 ,-386 ,-420 ,-667 ,-740 ,-882 ,-1000 ,-1183 ,-1215 ,-909 ,-611 ,
-191 ,193 ,417 ,561 ,602 ,632 ,597 ,531 ,586 ,734 ,796 ,706 ,589 ,522 ,510 ,542 ,219 ,-100 ,-464 ,-755 ,-913 ,-1085 ,-986 ,-920 ,-917 ,-976 ,-881 ,-1043 ,-1278 ,-1563 ,-1776 ,-1850 ,
-1713 ,-1312 ,-862 ,-457 ,-84 ,194 ,342 ,233 ,304 ,368 ,515 ,495 ,331 ,124 ,-81 ,-68 ,-34 ,-274 ,-473 ,-522 ,-667 ,-744 ,-521 ,-422 ,-394 ,-203 ,-84 ,-206 ,-342 ,-319 ,-424 ,-805 ,
-1089 ,-1074 ,-951 ,-712 ,-470 ,-121 ,-75 ,35 ,133 ,140 ,277 ,587 ,771 ,918 ,774 ,690 ,611 ,584 ,496 ,431 ,176 ,-250 ,-441 ,-538 ,-541 ,-394 ,-109 ,108 ,179 ,328 ,436 ,420 ,
262 ,67 ,-257 ,-343 ,-98 ,159 ,339 ,599 ,631 ,614 ,627 ,439 ,453 ,643 ,971 ,1131 ,913 ,722 ,660 ,512 ,373 ,130 ,-73 ,-344 ,-447 ,-597 ,-483 ,-311 ,-44 ,166 ,147 ,74 ,
156 ,154 ,130 ,-44 ,-72 ,120 ,355 ,553 ,776 ,996 ,1238 ,1131 ,1174 ,997 ,904 ,1097 ,1281 ,1366 ,1174 ,1118 ,1239 ,1199 ,1086 ,784 ,560 ,146 ,-267 ,-499 ,-645 ,-594 ,-511 ,-484 ,
-289 ,-212 ,-143 ,-177 ,-523 ,-992 ,-1034 ,-1158 ,-1011 ,-870 ,-605 ,-228 ,-146 ,-93 ,-132 ,-248 ,-346 ,-156 ,-45 ,-81 ,-129 ,-217 ,-82 ,-101 ,-408 ,-559 ,-879 ,-1294 ,-1459 ,-1552 ,-1465 ,-1198 ,
-1066 ,-1100 ,-992 ,-731 ,-574 ,-445 ,-501 ,-619 ,-644 ,-550 ,-261 ,-135 ,232 ,369 ,395 ,363 ,332 ,286 ,296 ,562 ,598 ,584 ,388 ,489 ,497 ,664 ,698 ,633 ,527 ,199 ,-46 ,-325 ,
-547 ,-666 ,-632 ,-670 ,-716 ,-507 ,-387 ,-451 ,-701 ,-792 ,-944 ,-1046 ,-888 ,-593 ,-326 ,-16 ,192 ,198 ,91 ,53 ,121 ,254 ,367 ,198 ,82 ,77 ,55 ,-28 ,19 ,-75 ,-156 ,-338 ,
-434 ,-349 ,-272 ,-181 ,24 ,91 ,26 ,312 ,327 ,90 ,-96 ,-257 ,-228 ,-72 ,20 ,394 ,699 ,775 ,991 ,725 ,721 ,794 ,1038 ,1135 ,1195 ,1242 ,1116 ,976 ,1039 ,855 ,685 ,569 ,
338 ,227 ,55 ,-63 ,-56 ,154 ,158 ,307 ,527 ,623 ,637 ,603 ,420 ,182 ,-147 ,97 ,227 ,417 ,726 ,909 ,944 ,630 ,718 ,653 ,585 ,774 ,644 ,538 ,376 ,240 ,146 ,-53 ,
-237 ,-610 ,-967 ,-1141 ,-1348 ,-1316 ,-1252 ,-991 ,-895 ,-783 ,-632 ,-451 ,-517 ,-562 ,-751 ,-912 ,-865 ,-810 ,-566 ,-184 ,331 ,608 ,779 ,634 ,582 ,712 ,638 ,562 ,511 ,422 ,483 ,410 ,
554 ,442 ,237 ,145 ,-265 ,-662 ,-1043 ,-1002 ,-1115 ,-1216 ,-875 ,-736 ,-442 ,-349 ,-282 ,-433 ,-773 ,-987 ,-1300 ,-1350 ,-1135 ,-827 ,-367 ,33 ,318 ,315 ,423 ,467 ,609 ,727 ,790 ,787 ,
561 ,610 ,488 ,244 ,68 ,-173 ,-637 ,-963 ,-1352 ,-1557 ,-1417 ,-1463 ,-1489 ,-1120 ,-907 ,-723 ,-543 ,-508 ,-490 ,-693 ,-616 ,-583 ,-496 ,-9 ,319 ,611 ,593 ,705 ,847 ,1095 ,1259 ,1055 ,
1154 ,1158 ,1154 ,1303 ,1307 ,1285 ,1181 ,1202 ,958 ,629 ,260 ,84 ,-359 ,-845 ,-846 ,-1009 ,-823 ,-765 ,-649 ,-656 ,-741 ,-715 ,-906 ,-928 ,-837 ,-412 ,-37 ,398 ,474 ,458 ,623 ,757 ,
1093 ,1255 ,1310 ,1465 ,1533 ,1384 ,1734 ,1681 ,1632 ,1582 ,1152 ,864 ,500 ,265 ,100 ,-116 ,-148 ,-167 ,-119 ,-68 ,-280 ,-358 ,-539 ,-771 ,-709 ,-815 ,-708 ,-426 ,-181 ,19 ,-29 ,22 ,
88 ,308 ,349 ,540 ,664 ,889 ,1053 ,1184 ,1235 ,1081 ,1102 ,998 ,656 ,365 ,208 ,-17 ,-209 ,-351 ,-64 ,-134 ,-178 ,-209 ,-341 ,-511 ,-626 ,-768 ,-871 ,-1135 ,-1094 ,-692 ,-644 ,-716 ,
-815 ,-837 ,-880 ,-791 ,-694 ,-334 ,-191 ,-91 ,-90 ,-291 ,-233 ,-205 ,-269 ,-511 ,-693 ,-869 ,-865 ,-944 ,-929 ,-943 ,-1127 ,-1000 ,-900 ,-782 ,-742 ,-742 ,-889 ,-988 ,-900 ,-698 ,-498 ,-75 ,
268 ,659 ,694 ,776 ,772 ,712 ,699 ,776 ,1055 ,931 ,805 ,784 ,781 ,829 ,871 ,667 ,480 ,51 ,-80 ,-351 ,-580 ,-610 ,-423 ,-305 ,-185 ,-188 ,-208 ,-391 ,-572 ,-848 ,-1024 ,-1217 ,
-947 ,-428 ,-29 ,-19 ,145 ,353 ,489 ,622 ,736 ,786 ,1085 ,1201 ,946 ,778 ,609 ,471 ,294 ,-69 ,-403 ,-632 ,-759 ,-858 ,-831 ,-723 ,-825 ,-897 ,-703 ,-590 ,-415 ,-497 ,-630 ,-805 ,
-1016 ,-787 ,-691 ,-350 ,-411 ,-246 ,161 ,552 ,837 ,1233 ,1454 ,1639 ,1949 ,2011 ,1971 ,2078 ,2024 ,2111 ,2199 ,2063 ,2130 ,1586 ,1427 ,1066 ,692 ,598 ,248 ,251 ,109 ,191 ,28 ,119 ,
-434 ,-824 ,-1204 ,-1376 ,-1267 ,-887 ,-541 ,-262 ,66 ,109 ,132 ,167 ,139 ,412 ,631 ,592 ,823 ,959 ,1066 ,985 ,964 ,725 ,507 ,188 ,-224 ,-391 ,-504 ,-427 ,-555 ,-484 ,-758 ,-763 ,
-695 ,-1123 ,-1505 ,-1804 ,-2167 ,-2003 ,-1732 ,-1475 ,-1380 ,-1485 ,-1460 ,-1357 ,-1120 ,-962 ,-718 ,-555 ,-229 ,18 ,153 ,205 ,248 ,281 ,236 ,246 ,-19 ,-8 ,-118 ,-259 ,-212 ,-278 ,-69 ,-244 ,
121 ,645 ,749 ,703 ,290 ,89 ,-322 ,-523 ,-316 ,-196 ,-439 ,-332 ,-223 ,-385 ,-299 ,-341 ,-513 ,-580 ,-404 ,-481 ,-164 ,-85 ,130 ,803 ,823 ,536 ,298 ,-45 ,-443 ,-574 ,-592 ,-793 ,
-581 ,-162 ,111 ,552 ,799 ,677 ,337 ,10 ,-306 ,-478 ,-167 ,215 ,399 ,564 ,617 ,704 ,733 ,528 ,398 ,111 ,-82 ,-33 ,86 ,296 ,546 ,813 ,902 ,762 ,884 ,396 ,297 ,-35 ,
-213 ,-235 ,-351 ,-268 ,-215 ,-58 ,8 ,-67 ,-75 ,-539 ,-714 ,-446 ,-200 ,-80 ,214 ,407 ,575 ,846 ,980 ,1353 ,1292 ,1240 ,1073 ,875 ,973 ,1071 ,1210 ,991 ,762 ,751 ,390 ,253 ,
-174 ,-333 ,-795 ,-1106 ,-1340 ,-1243 ,-1008 ,-541 ,31 ,102 ,-24 ,-78 ,-315 ,-283 ,-317 ,-224 ,17 ,202 ,633 ,787 ,1201 ,1704 ,1586 ,1397 ,1154 ,871 ,734 ,782 ,1068 ,1079 ,867 ,909 ,
1100 ,444 ,11 ,-531 ,-1137 ,-1380 ,-1470 ,-1792 ,-1794 ,-1386 ,-1301 ,-1350 ,-1710 ,-1687 ,-1949 ,-1935 ,-1635 ,-1366 ,-778 ,-481 ,-534 ,-367 ,-22 ,-7 ,6 ,98 ,-77 ,-75 ,328 ,140 ,215 ,-159 ,
-369 ,-320 ,-215 ,-138 ,-310 ,-361 ,-253 ,-110 ,-25 ,160 ,395 ,576 ,578 ,135 ,74 ,-100 ,-150 ,-187 ,-79 ,-302 ,-628 ,-417 ,-314 ,-5 ,147 ,129 ,191 ,264 ,203 ,83 ,133 ,196 ,
162 ,392 ,467 ,816 ,1033 ,1045 ,1000 ,871 ,658 ,228 ,173 ,119 ,430 ,510 ,648 ,659 ,474 ,279 ,-317 ,-747 ,-969 ,-981 ,-917 ,-798 ,-714 ,-625 ,-418 ,40 ,94 ,305 ,318 ,333 ,
351 ,