-476 ,-543 ,-732 ,-668 ,-837 ,-1121 ,-1167 ,-1495 ,-1869 ,-2062 ,-2435 ,-2507 ,-2761 ,-3220 ,-3088 ,-2908 ,-2787 ,-2648 ,-2394 ,-2253 ,-1923 ,-1736 ,-1803 ,-1576 ,-1525 ,-1349 ,-943 ,-540 ,-282 ,-108 ,7 ,
-8 ,-81 ,-208 ,-431 ,-522 ,-606 ,-815 ,-959 ,-1204 ,-914 ,-594 ,-628 ,-411 ,-559 ,-653 ,-589 ,-792 ,-922 ,-1107 ,-1245 ,-1260 ,-1139 ,-1035 ,-1043 ,-667 ,-409 ,-408 ,-434 ,-626 ,-715 ,-645 ,-502 ,
-332 ,-182 ,-9 ,297 ,769 ,1014 ,1355 ,1641 ,1559 ,1469 ,1372 ,1291 ,1383 ,1383 ,1185 ,1186 ,841 ,652 ,632 ,422 ,441 ,388 ,321 ,200 ,363 ,435 ,382 ,132 ,-217 ,-496 ,-869 ,-934 ,
-1186 ,-1212 ,-1142 ,-1227 ,-1137 ,-1196 ,-1338 ,-1253 ,-1208 ,-1039 ,-734 ,-609 ,-269 ,205 ,672 ,974 ,1023 ,881 ,827 ,921 ,1023 ,1166 ,1030 ,818 ,675 ,610 ,761 ,870 ,821 ,912 ,1124 ,1057 ,
1063 ,961 ,779 ,717 ,546 ,400 ,300 ,400 ,476 ,615 ,967 ,972 ,1058 ,931 ,813 ,1065 ,1024 ,1271 ,1809 ,2165 ,2578 ,3101 ,3463 ,3635 ,3806 ,3814 ,3581 ,3507 ,3535 ,3466 ,3321 ,3019 ,
2774 ,2573 ,2190 ,1952 ,1647 ,1166 ,981 ,782 ,640 ,428 ,-91 ,-439 ,-833 ,-1315 ,-1754 ,-2118 ,-2428 ,-2679 ,-2717 ,-2681 ,-2677 ,-2750 ,-3013 ,-3198 ,-3190 ,-3206 ,-3037 ,-2993 ,-2786 ,-2428 ,-2255 ,-2039 ,
-1807 ,-1587 ,-1482 ,-1383 ,-1276 ,-1205 ,-1088 ,-1179 ,-1154 ,-1123 ,-1120 ,-795 ,-824 ,-760 ,-410 ,-337 ,-185 ,2 ,-112 ,-28 ,9 ,-48 ,138 ,165 ,377 ,593 ,647 ,727 ,696 ,502 ,286 ,147 ,
258 ,409 ,443 ,626 ,825 ,1127 ,1442 ,1556 ,1613 ,1486 ,1358 ,1389 ,1360 ,1336 ,1155 ,1090 ,1127 ,836 ,628 ,482 ,335 ,350 ,214 ,175 ,251 ,71 ,36 ,-106 ,-626 ,-957 ,-1207 ,-1618 ,
-1863 ,-2077 ,-2393 ,-2472 ,-2574 ,-2645 ,-2715 ,-2955 ,-3022 ,-3108 ,-3160 ,-3207 ,-3212 ,-2994 ,-2539 ,-2227 ,-2227 ,-2112 ,-1944 ,-1598 ,-1187 ,-1029 ,-884 ,-681 ,-458 ,-161 ,200 ,537 ,853 ,985 ,1236 ,1417 ,
1622 ,1834 ,2043 ,2277 ,2114 ,2021 ,1891 ,1763 ,1912 ,2032 ,1825 ,1895 ,1641 ,1318 ,1417 ,1031 ,695 ,443 ,187 ,156 ,224 ,437 ,838 ,1132 ,1362 ,1583 ,1679 ,1714 ,1916 ,1971 ,1708 ,1663 ,
1495 ,1567 ,1734 ,1523 ,1369 ,1111 ,994 ,1014 ,1005 ,1009 ,788 ,605 ,411 ,68 ,-293 ,-851 ,-1416 ,-1893 ,-2274 ,-2437 ,-2651 ,-2827 ,-2879 ,-3056 ,-3233 ,-3239 ,-3313 ,-3366 ,-3303 ,-3203 ,-2883 ,-2635 ,
-2152 ,-1788 ,-1622 ,-1308 ,-1208 ,-973 ,-684 ,-621 ,-315 ,-88 ,-80 ,-22 ,23 ,190 ,313 ,406 ,603 ,625 ,665 ,878 ,901 ,818 ,404 ,78 ,-164 ,-235 ,-103 ,-242 ,-196 ,-288 ,-447 ,-585 ,
-785 ,-1074 ,-1379 ,-1497 ,-1716 ,-1563 ,-1241 ,-833 ,-248 ,-19 ,-24 ,-42 ,82 ,305 ,448 ,475 ,475 ,490 ,541 ,574 ,459 ,198 ,136 ,-140 ,-376 ,-150 ,-55 ,-1 ,55 ,-106 ,-434 ,-738 ,
-1085 ,-1301 ,-1391 ,-1552 ,-1757 ,-1943 ,-1987 ,-1934 ,-1926 ,-2050 ,-2157 ,-2288 ,-2266 ,-1928 ,-1576 ,-1439 ,-1250 ,-1143 ,-1053 ,-730 ,-597 ,-444 ,-357 ,-376 ,-287 ,-223 ,-61 ,149 ,319 ,136 ,-60 ,102 ,
345 ,730 ,1114 ,1210 ,1163 ,1198 ,952 ,838 ,763 ,536 ,584 ,623 ,630 ,796 ,995 ,869 ,613 ,379 ,19 ,-176 ,-189 ,-97 ,32 ,336 ,616 ,896 ,1162 ,1371 ,1555 ,1560 ,1744 ,1731 ,
1763 ,1981 ,2151 ,2303 ,2197 ,2167 ,2096 ,2071 ,2214 ,2233 ,2152 ,2068 ,1978 ,2058 ,2039 ,1735 ,1386 ,819 ,348 ,178 ,-51 ,-343 ,-619 ,-962 ,-1194 ,-1338 ,-1505 ,-1760 ,-2096 ,-2339 ,-2516 ,-2579 ,
-2489 ,-2351 ,-2021 ,-1807 ,-1808 ,-1630 ,-1567 ,-1421 ,-1218 ,-1297 ,-1394 ,-1430 ,-1525 ,-1371 ,-981 ,-945 ,-853 ,-761 ,-705 ,-194 ,18 ,197 ,167 ,-158 ,-193 ,-259 ,-282 ,-240 ,-325 ,-373 ,-364 ,-461 ,
-599 ,-437 ,-463 ,-651 ,-741 ,-1063 ,-994 ,-508 ,70 ,490 ,673 ,917 ,1097 ,1404 ,1763 ,1922 ,2132 ,2326 ,2428 ,2532 ,2670 ,2846 ,2780 ,2634 ,2377 ,2052 ,1888 ,1919 ,2074 ,2039 ,1893 ,1543 ,
1130 ,876 ,520 ,-25 ,-565 ,-986 ,-1293 ,-1386 ,-1468 ,-1628 ,-1863 ,-2217 ,-2521 ,-2714 ,-2778 ,-2832 ,-2758 ,-2574 ,-2376 ,-2289 ,-2271 ,-2083 ,-2034 ,-2055 ,-1944 ,-1895 ,-1878 ,-1642 ,-1387 ,-1276 ,-1254 ,-1322 ,
-1308 ,-1206 ,-1074 ,-903 ,-899 ,-917 ,-707 ,-550 ,-603 ,-552 ,-537 ,-567 ,-607 ,-602 ,-310 ,-83 ,19 ,63 ,5 ,47 ,-89 ,-138 ,-2 ,133 ,502 ,1011 ,1536 ,2191 ,2668 ,2957 ,3259 ,3320 ,
3383 ,3440 ,3503 ,3739 ,3843 ,3773 ,3709 ,3603 ,3339 ,3343 ,3178 ,2845 ,2840 ,2803 ,2817 ,2825 ,2568 ,2129 ,1543 ,1095 ,703 ,285 ,-91 ,-528 ,-864 ,-1054 ,-1359 ,-1794 ,-2076 ,-2425 ,-2684 ,-2909 ,
-3266 ,-3260 ,-3156 ,-3062 ,-2835 ,-2779 ,-2805 ,-2951 ,-3084 ,-2896 ,-2848 ,-2802 ,-2633 ,-2609 ,-2457 ,-2340 ,-2308 ,-2061 ,-1877 ,-1771 ,-1570 ,-1383 ,-1125 ,-851 ,-582 ,-495 ,-617 ,-716 ,-703 ,-439 ,-180 ,14 ,
217 ,389 ,478 ,501 ,557 ,475 ,288 ,217 ,288 ,553 ,808 ,1020 ,1485 ,1970 ,2179 ,2281 ,2533 ,2745 ,2916 ,3101 ,3201 ,3094 ,3069 ,3033 ,2922 ,3015 ,2728 ,2425 ,2331 ,2442 ,2553 ,2368 ,
2281 ,2018 ,1696 ,1429 ,1038 ,606 ,332 ,89 ,-356 ,-669 ,-806 ,-979 ,-1172 ,-1531 ,-1908 ,-2050 ,-2072 ,-2013 ,-1795 ,-1675 ,-1645 ,-1431 ,-1171 ,-917 ,-656 ,-664 ,-832 ,-712 ,-632 ,-621 ,-437 ,-417 ,
-499 ,-560 ,-604 ,-519 ,-342 ,-148 ,-149 ,-188 ,-192 ,-304 ,-423 ,-484 ,-649 ,-823 ,-1020 ,-1238 ,-1209 ,-961 ,-653 ,-616 ,-729 ,-860 ,-1042 ,-1062 ,-900 ,-775 ,-659 ,-527 ,-258 ,462 ,1016 ,1411 ,
1676 ,1757 ,1835 ,1945 ,2285 ,2470 ,2645 ,2772 ,2577 ,2491 ,2648 ,2647 ,2436 ,2212 ,2013 ,1972 ,1905 ,1812 ,1861 ,1797 ,1457 ,994 ,632 ,353 ,109 ,-81 ,-266 ,-360 ,-554 ,-849 ,-1035 ,-994 ,
-1115 ,-1355 ,-1545 ,-1808 ,-1527 ,-1066 ,-778 ,-559 ,-439 ,-414 ,-410 ,-486 ,-413 ,-351 ,-603 ,-650 ,-681 ,-697 ,-804 ,-1023 ,-885 ,-751 ,-899 ,-857 ,-597 ,-636 ,-585 ,-603 ,-928 ,-927 ,-879 ,-1152 ,
-1127 ,-827 ,-805 ,-706 ,-708 ,-793 ,-893 ,-1182 ,-1358 ,-1450 ,-1500 ,-1422 ,-1228 ,-928 ,-362 ,-12 ,-6 ,118 ,442 ,581 ,541 ,456 ,652 ,1133 ,1315 ,1492 ,1557 ,1411 ,1482 ,1611 ,1812 ,1939 ,
1890 ,1898 ,1994 ,2129 ,2164 ,2010 ,1703 ,1465 ,1284 ,1114 ,926 ,1010 ,1123 ,885 ,621 ,365 ,70 ,-64 ,-106 ,-205 ,-331 ,-442 ,-552 ,-445 ,-234 ,-319 ,-532 ,-680 ,-762 ,-588 ,-451 ,-465 ,
-441 ,-533 ,-832 ,-1136 ,-1171 ,-1065 ,-1004 ,-927 ,-837 ,-829 ,-765 ,-799 ,-905 ,-1050 ,-1281 ,-1569 ,-1700 ,-1377 ,-1192 ,-1176 ,-1138 ,-1166 ,-1240 ,-1462 ,-1630 ,-1806 ,-1924 ,-1956 ,-1775 ,-1404 ,-1043 ,-545 ,
-199 ,170 ,556 ,633 ,725 ,1101 ,1505 ,1832 ,2088 ,2188 ,2228 ,2400 ,2590 ,2503 ,2669 ,2911 ,2829 ,2834 ,2973 ,3068 ,2952 ,2808 ,2525 ,2071 ,1708 ,1412 ,1122 ,605 ,288 ,151 ,-113 ,-429 ,
-616 ,-794 ,-987 ,-1079 ,-1293 ,-1458 ,-1451 ,-1540 ,-1595 ,-1471 ,-1318 ,-1205 ,-1186 ,-1205 ,-1236 ,-1172 ,-1036 ,-1001 ,-1097 ,-1160 ,-1076 ,-1109 ,-906 ,-632 ,-527 ,-368 ,-471 ,-442 ,-292 ,-379 ,-337 ,-344 ,
-522 ,-721 ,-674 ,-478 ,-341 ,-313 ,-423 ,-625 ,-725 ,-795 ,-1005 ,-1089 ,-944 ,-774 ,-565 ,-177 ,272 ,878 ,1377 ,1757 ,2028 ,2051 ,2397 ,2925 ,3266 ,3281 ,3234 ,3439 ,3498 ,3325 ,3384 ,3505 ,
3359 ,3329 ,3474 ,3696 ,3796 ,3876 ,3828 ,3555 ,3434 ,2985 ,2446 ,2278 ,2137 ,1934 ,1680 ,1213 ,903 ,778 ,566 ,193 ,-75 ,-131 ,-236 ,-520 ,-547 ,-330 ,-312 ,-498 ,-739 ,-618 ,-362 ,-428 ,
-591 ,-601 ,-586 ,-733 ,-996 ,-983 ,-956 ,-878 ,-783 ,-717 ,-451 ,-461 ,-488 ,-449 ,-390 ,-399 ,-568 ,-662 ,-468 ,-218 ,-76 ,55 ,291 ,495 ,585 ,640 ,328 ,-92 ,-112 ,70 ,155 ,248 ,
526 ,739 ,895 ,1067 ,1378 ,1694 ,1837 ,1970 ,1952 ,2322 ,2867 ,2888 ,2706 ,2501 ,2328 ,2048 ,1806 ,1770 ,1774 ,1823 ,1790 ,1647 ,1713 ,1869 ,1754 ,1430 ,1117 ,1013 ,910 ,612 ,401 ,326 ,
122 ,-93 ,-356 ,-630 ,-914 ,-1241 ,-1418 ,-1474 ,-1476 ,-1561 ,-1678 ,-1626 ,-1389 ,-1366 ,-1419 ,-1452 ,-1443 ,-1109 ,-1014 ,-1136 ,-1212 ,-1265 ,-1210 ,-1209 ,-1222 ,-852 ,-428 ,-366 ,-527 ,-446 ,-130 ,-291 ,
-669 ,-632 ,-647 ,-771 ,-613 ,-526 ,-349 ,-87 ,-178 ,-635 ,-791 ,-668 ,-730 ,-850 ,-947 ,-844 ,-695 ,-676 ,-568 ,-227 ,-174 ,-367 ,-339 ,-100 ,395 ,840 ,847 ,959 ,1510 ,1809 ,1710 ,1624 ,
1732 ,1762 ,1849 ,1908 ,1892 ,2033 ,2039 ,1853 ,1747 ,1619 ,1396 ,974 ,583 ,530 ,502 ,297 ,80 ,-3 ,-7 ,-221 ,-501 ,-517 ,-527 ,-610 ,-866 ,-876 ,-263 ,-52 ,-335 ,-377 ,106 ,575 ,
619 ,688 ,746 ,776 ,739 ,667 ,731 ,916 ,803 ,485 ,535 ,780 ,1097 ,1058 ,585 ,386 ,231 ,86 ,-93 ,-359 ,-345 ,-587 ,-796 ,-698 ,-625 ,-550 ,-816 ,-975 ,-846 ,-900 ,-1054 ,-1065 ,
-909 ,-615 ,-379 ,-383 ,-249 ,-41 ,29 ,113 ,189 ,254 ,378 ,524 ,638 ,843 ,1022 ,906 ,633 ,627 ,826 ,929 ,1116 ,1462 ,1742 ,1709 ,1620 ,1691 ,1850 ,1606 ,1034 ,673 ,654 ,688 ,
347 ,201 ,275 ,320 ,247 ,49 ,6 ,-14 ,-194 ,-509 ,-523 ,-252 ,-287 ,-442 ,-494 ,-458 ,-454 ,-701 ,-850 ,-798 ,-744 ,-773 ,-978 ,-1132 ,-964 ,-955 ,-1247 ,-1310 ,-1041 ,-971 ,-1039 ,-909 ,
-684 ,-573 ,-637 ,-662 ,-623 ,-636 ,-709 ,-656 ,-564 ,-552 ,-645 ,-1065 ,-1378 ,-1507 ,-1671 ,-1747 ,-1835 ,-1722 ,-1369 ,-1059 ,-875 ,-455 ,-126 ,-172 ,82 ,692 ,1221 ,1211 ,1181 ,1594 ,2034 ,2289 ,
2175 ,2062 ,2021 ,2008 ,2148 ,2208 ,2635 ,3041 ,2936 ,2673 ,2565 ,2580 ,2497 ,2089 ,1527 ,1139 ,780 ,467 ,378 ,179 ,-59 ,-333 ,-696 ,-931 ,-1017 ,-928 ,-805 ,-627 ,-223 ,-129 ,-366 ,-341 ,
-253 ,-46 ,212 ,161 ,-45 ,-205 ,-173 ,-161 ,-177 ,-477 ,-770 ,-880 ,-768 ,-588 ,-597 ,-509 ,-568 ,-544 ,-662 ,-833 ,-816 ,-755 ,-674 ,-931 ,-1018 ,-612 ,-314 ,-386 ,-487 ,-633 ,-1023 ,-1293 ,
-1188 ,-1063 ,-891 ,-792 ,-769 ,-671 ,-438 ,57 ,185 ,480 ,837 ,913 ,1299 ,1752 ,2096 ,2303 ,2292 ,1907 ,1706 ,1851 ,1709 ,1620 ,1840 ,2015 ,2041 ,2076 ,2216 ,2397 ,2423 ,2283 ,2082 ,2027 ,
1834 ,1452 ,1179 ,958 ,844 ,339 ,-174 ,-519 ,-819 ,-986 ,-1233 ,-1413 ,-1390 ,-1488 ,-1733 ,-1626 ,-1526 ,-1644 ,-1853 ,-1929 ,-1505 ,-1177 ,-1421 ,-1946 ,-1954 ,-1619 ,-1695 ,-1976 ,-2167 ,-2212 ,-2140 ,-2166 ,
-1918 ,-1527 ,-1280 ,-1325 ,-1536 ,-1429 ,-1077 ,-975 ,-1051 ,-937 ,-757 ,-704 ,-610 ,-560 ,-626 ,-771 ,-1087 ,-1359 ,-1344 ,-1085 ,-939 ,-1004 ,-795 ,-482 ,-336 ,-276 ,-65 ,400 ,675 ,729 ,932 ,1289 ,
1563 ,1740 ,2041 ,2164 ,1702 ,1078 ,1005 ,1193 ,1345 ,1214 ,747 ,687 ,565 ,547 ,885 ,725 ,490 ,237 ,152 ,413 ,808 ,915 ,319 ,-132 ,-116 ,-183 ,-541 ,-652 ,-619 ,-588 ,-659 ,-699 ,
-639 ,-655 ,-644 ,-651 ,-574 ,-398 ,-213 ,-196 ,-221 ,-367 ,-253 ,-62 ,-414 ,-655 ,-830 ,-793 ,-428 ,-66 ,53 ,-121 ,-146 ,-38 ,8 ,5 ,-204 ,-620 ,-437 ,202 ,416 ,513 ,357 ,-60 ,
-305 ,-403 ,-476 ,-508 ,-761 ,-800 ,-457 ,-223 ,13 ,43 ,-245 ,-351 ,-189 ,7 ,273 ,561 ,713 ,787 ,1100 ,1578 ,1678 ,1251 ,743 ,900 ,1175 ,1454 ,1845 ,1717 ,1431 ,1268 ,1289 ,1370 ,
1251 ,940 ,482 ,399 ,413 ,576 ,478 ,3 ,-60 ,-199 ,-328 ,-449 ,-640 ,-643 ,-746 ,-978 ,-1204 ,-1116 ,-994 ,-1209 ,-1052 ,-573 ,-367 ,-453 ,-447 ,-219 ,235 ,676 ,575 ,210 ,-78 ,-304 ,
-25 ,522 ,688 ,539 ,149 ,98 ,77 ,88 ,4 ,-433 ,-476 ,-406 ,-263 ,-63 ,155 ,124 ,-320 ,-857 ,-1140 ,-684 ,-571 ,-1129 ,-1252 ,-861 ,-446 ,-155 ,-165 ,-400 ,-481 ,-284 ,-261 ,-329 ,
-86 ,-104 ,23 ,487 ,635 ,561 ,253 ,8 ,225 ,537 ,472 ,273 ,299 ,554 ,707 ,734 ,820 ,569 ,182 ,79 ,-8 ,58 ,266 ,179 ,-273 ,-604 ,-398 ,-48 ,3 ,-185 ,-574 ,-703 ,
-587 ,-359 ,40 ,-172 ,-651 ,-654 ,-321 ,-111 ,-210 ,-493 ,-603 ,-498 ,-376 ,-182 ,37 ,-103 ,-424 ,-525 ,-177 ,452 ,392 ,-258 ,-586 ,-415 ,-216 ,-383 ,-414 ,-363 ,-324 ,-455 ,-830 ,-681 ,
-479 ,-637 ,-944 ,-1106 ,-1177 ,-1350 ,-1507 ,-1525 ,-1235 ,-965 ,-887 ,-877 ,-861 ,-708 ,-483 ,-222 ,-61 ,104 ,251 ,279 ,671 ,1394 ,1368 ,742 ,385 ,431 ,799 ,1097 ,1556 ,1750 ,1607 ,1641 ,
1772 ,2034 ,1989 ,1356 ,786 ,632 ,662 ,568 ,249 ,-140 ,-510 ,-863 ,-1004 ,-1129 ,-1445 ,-1530 ,-1601 ,-1881 ,-1800 ,-1307 ,-1337 ,-1674 ,-1648 ,-1295 ,-1353 ,-1657 ,-1589 ,-1288 ,-778 ,-808 ,-1379 ,-1855 ,
-2000 ,-1834 ,-1432 ,-1295 ,-1694 ,-1983 ,-1935 ,-1768 ,-1472 ,-1203 ,-1409 ,-2037 ,-2154 ,-1754 ,-1649 ,-1563 ,-1534 ,-1695 ,-1985 ,-2294 ,-2077 ,-1831 ,-1832 ,-2118 ,-2320 ,-1753 ,-1168 ,-1055 ,-947 ,-661 ,-413 ,-111 ,
247 ,478 ,800 ,1376 ,1969 ,2320 ,2486 ,2531 ,2203 ,1746 ,1751 ,2131 ,2241 ,1866 ,1767 ,2056 ,1965 ,1587 ,1533 ,1483 ,981 ,432 ,218 ,322 ,286 ,220 ,133 ,64 ,-65 ,-526 ,-1166 ,-1556 ,
-1703 ,-2051 ,-2119 ,-1916 ,-1439 ,-1271 ,-1639 ,-1461 ,-1253 ,-1282 ,-1335 ,-1379 ,-1154 ,-1043 ,-897 ,-891 ,-1095 ,-972 ,-949 ,-1070 ,-878 ,-617 ,-657 ,-1098 ,-1640 ,-1609 ,-1015 ,-596 ,-557 ,-493 ,-400 ,-526 ,
-284 ,407 ,466 ,118 ,40 ,-16 ,123 ,501 ,592 ,232 ,-103 ,-101 ,232 ,517 ,428 ,648 ,1185 ,1058 ,519 ,627 ,1466 ,2007 ,2027 ,2008 ,1884 ,1845 ,2033 ,2142 ,2030 ,1640 ,1306 ,1465 ,
1526 ,1578 ,1772 ,1544 ,1148 ,896 ,837 ,851 ,450 ,93 ,-150 ,-336 ,-451 ,-547 ,-558 ,-1301 ,-2175 ,-1932 ,-1313 ,-1499 ,-1943 ,-1699 ,-1353 ,-1428 ,-1648 ,-1737 ,-1789 ,-1688 ,-1624 ,-1575 ,-1578 ,-1643 ,
-1415 ,-1218 ,-1334 ,-1140 ,-572 ,-410 ,-618 ,-420 ,22 ,250 ,148 ,-201 ,-404 ,-366 ,-2 ,302 ,-75 ,-673 ,-723 ,-19 ,173 ,-265 ,-422 ,-452 ,-524 ,-785 ,-608 ,-245 ,-302 ,-294 ,-226 ,-75 ,
272 ,453 ,494 ,291 ,136 ,304 ,732 ,873 ,862 ,1060 ,1268 ,1560 ,1785 ,1958 ,1582 ,1216 ,1453 ,1611 ,1332 ,1119 ,1417 ,1645 ,1187 ,275 ,-248 ,-369 ,-674 ,-958 ,-1109 ,-1406 ,-1798 ,-1992 ,
-1913 ,-2105 ,-2259 ,-2070 ,-2095 ,-2028 ,-1651 ,-1379 ,-1287 ,-1656 ,-1858 ,-1305 ,-864 ,-625 ,-184 ,172 ,312 ,279 ,454 ,640 ,486 ,416 ,445 ,763 ,1227 ,1169 ,1050 ,1080 ,880 ,595 ,288 ,97 ,
270 ,609 ,341 ,-91 ,49 ,280 ,208 ,-175 ,-426 ,-483 ,-766 ,-1273 ,-1408 ,-808 ,-428 ,-78 ,323 ,73 ,-142 ,241 ,999 ,1137 ,575 ,391 ,863 ,1336 ,1287 ,1232 ,1177 ,921 ,547 ,49 ,
-165 ,30 ,440 ,490 ,97 ,157 ,1022 ,1336 ,775 ,448 ,614 ,924 ,826 ,399 ,-54 ,-274 ,-193 ,-137 ,-304 ,-1020 ,-1590 ,-1079 ,-429 ,-748 ,-1019 ,-379 ,412 ,849 ,710 ,266 ,-9 ,-124 ,
-397 ,-986 ,-1269 ,-1102 ,-1243 ,-1905 ,-2438 ,-2364 ,-1894 ,-1885 ,-2283 ,-2358 ,-1973 ,-1570 ,-1503 ,-1486 ,-1494 ,-1556 ,-1335 ,-926 ,-743 ,-1157 ,-1444 ,-1055 ,-899 ,-869 ,-611 ,-192 ,257 ,386 ,450 ,598 ,
958 ,1130 ,949 ,776 ,812 ,1303 ,1616 ,1046 ,332 ,518 ,1075 ,1202 ,862 ,490 ,567 ,435 ,-15 ,294 ,636 ,486 ,521 ,673 ,523 ,410 ,732 ,767 ,725 ,657 ,580 ,798 ,1036 ,1104 ,
912 ,831 ,734 ,591 ,749 ,548 ,84 ,180 ,334 ,35 ,-323 ,66 ,474 ,24 ,-457 ,-511 ,-894 ,-1392 ,-1480 ,-1281 ,-840 ,-503 ,-729 ,-1090 ,-1365 ,-1560 ,-1674 ,-1471 ,-1135 ,-1083 ,-933 ,-616 ,
-476 ,-472 ,-1 ,653 ,765 ,887 ,1034 ,1026 ,1151 ,1334 ,1086 ,462 ,471 ,892 ,896 ,643 ,383 ,-224 ,-655 ,-535 ,-631 ,-624 ,-190 ,233 ,155 ,-193 ,-301 ,-48 ,600 ,773 ,612 ,851 ,
1128 ,1233 ,1264 ,1346 ,1483 ,1979 ,2646 ,2859 ,2661 ,2487 ,2745 ,3152 ,3073 ,2587 ,2087 ,2231 ,2639 ,2218 ,1567 ,1319 ,1209 ,349 ,-782 ,-857 ,-424 ,-677 ,-1952 ,-3004 ,-2631 ,-1798 ,-1660 ,-1983 ,
-1944 ,-1847 ,-2521 ,-3078 ,-2356 ,-1398 ,-1331 ,-1790 ,-2375 ,-2659 ,-2017 ,-935 ,-594 ,-953 ,-740 ,-264 ,-408 ,-470 ,-358 ,-75 ,425 ,849 ,1382 ,1378 ,620 ,253 ,865 ,1358 ,614 ,-62 ,95 ,-167 ,
-1054 ,-1284 ,-904 ,-668 ,-336 ,-38 ,307 ,557 ,540 ,491 ,121 ,-361 ,78 ,1076 ,1434 ,968 ,842 ,1534 ,1814 ,1710 ,2055 ,2168 ,1638 ,1751 ,2989 ,3382 ,2145 ,1147 ,1183 ,894 ,234 ,442 ,
955 ,-15 ,-1849 ,-2106 ,-1185 ,-625 ,-412 ,-300 ,-714 ,-1574 ,-1921 ,-1701 ,-1537 ,-1699 ,-1523 ,-744 ,-628 ,-1294 ,-1101 ,-420 ,-623 ,-589 ,288 ,507 ,-321 ,-459 ,554 ,1224 ,1231 ,1247 ,1486 ,1100 ,
271 ,353 ,967 ,451 ,-758 ,-642 ,121 ,-67 ,-194 ,377 ,742 ,348 ,-229 ,-263 ,-137 ,-364 ,-437 ,65 ,50 ,-622 ,-782 ,-652 ,-564 ,45 ,1034 ,1820 ,1997 ,1679 ,1399 ,1298 ,1837 ,3196 ,
3698 ,2788 ,1990 ,2194 ,2629 ,2043 ,1423 ,1542 ,1847 ,1740 ,1017 ,914 ,1312 ,1052 ,430 ,587 ,1081 ,516 ,-502 ,-917 ,-802 ,-969 ,-1386 ,-1470 ,-1414 ,-1764 ,-2376 ,-1950 ,-1263 ,-1368 ,-1297 ,-830 ,
-529 ,-639 ,-861 ,-1253 ,-1802 ,-1567 ,-774 ,-87 ,2 ,-666 ,-1046 ,-989 ,-1350 ,-1707 ,-1396 ,-1037 ,-651 ,513 ,1161 ,-49 ,-1524 ,-1600 ,-781 ,133 ,1225 ,1900 ,1239 ,-425 ,-1656 ,-1148 ,68 ,865 ,
1731 ,2271 ,1482 ,-39 ,-897 ,-955 ,-560 ,305 ,1596 ,2673 ,2411 ,851 ,-441 ,-757 ,-516 ,681 ,2162 ,2137 ,1216 ,631 ,-216 ,-1380 ,-1266 ,-68 ,856 ,1270 ,1523 ,1205 ,-192 ,-1668 ,-1597 ,-334 ,
97 ,199 ,1211 ,1431 ,45 ,-1006 ,-497 ,-228 ,-949 ,-554 ,745 ,762 ,-578 ,-1615 ,-1725 ,-1747 ,-1236 ,366 ,1682 ,1437 ,-272 ,-2111 ,-2772 ,-2451 ,-1413 ,-238 ,543 ,408 ,-393 ,-976 ,-1417 ,-960 ,
240 ,822 ,373 ,189 ,680 ,89 ,-691 ,193 ,1861 ,2019 ,971 ,653 ,843 ,324 ,-496 ,-477 ,349 ,1157 ,1451 ,1445 ,1061 ,475 ,104 ,-202 ,-240 ,242 ,1431 ,1518 ,373 ,147 ,512 ,469 ,
692 ,1567 ,2100 ,2265 ,1925 ,1287 ,1066 ,1000 ,1179 ,2395 ,3713 ,3373 ,2301 ,1618 ,977 ,764 ,1815 ,2977 ,3212 ,3219 ,3087 ,2213 ,754 ,-30 ,-152 ,-374 ,-434 ,-116 ,88 ,-660 ,-1774 ,-2143 ,
-1664 ,-768 ,-527 ,-1060 ,-1419 ,-1221 ,-1056 ,-1021 ,-737 ,-914 ,-1193 ,-770 ,-701 ,-1478 ,-1769 ,-1212 ,-587 ,-122 ,449 ,974 ,496 ,-1076 ,-1829 ,-993 ,241 ,915 ,1031 ,561 ,-487 ,-1121 ,-473 ,423 ,
300 ,-354 ,-512 ,-689 ,-1838 ,-3108 ,-2848 ,-1367 ,-261 ,193 ,167 ,-369 ,-1337 ,-2212 ,-2034 ,-1103 ,-150 ,1383 ,2729 ,2460 ,1305 ,892 ,515 ,-630 ,-517 ,1828 ,4182 ,4491 ,3907 ,3620 ,2836 ,1737 ,
1473 ,2483 ,2992 ,2319 ,1916 ,1733 ,836 ,-190 ,174 ,913 ,1171 ,1180 ,335 ,-1085 ,-2649 ,-3342 ,-2783 ,-1699 ,-608 ,28 ,-187 ,-2028 ,-3735 ,-3694 ,-2886 ,-2306 ,-1520 ,566 ,1975 ,1008 ,-622 ,-1514 ,
-1699 ,-1482 ,-461 ,583 ,457 ,75 ,292 ,629 ,138 ,-239 ,162 ,231 ,26 ,-196 ,-144 ,-112 ,-392 ,-554 ,-464 ,-102 ,320 ,691 ,-272 ,-2297 ,-2795 ,-2002 ,-1352 ,-922 ,60 ,1169 ,1339 ,595 ,
-90 ,299 ,1158 ,1653 ,2617 ,3760 ,2893 ,1336 ,1354 ,1831 ,1643 ,2038 ,3375 ,3901 ,3306 ,2757 ,2585 ,2532 ,2112 ,1055 ,715 ,1307 ,1120 ,599 ,589 ,-89 ,-1292 ,-1481 ,-641 ,-272 ,-680 ,-860 ,
-1134 ,-1971 ,-2286 ,-1422 ,-259 ,-458 ,-1162 ,-951 ,-675 ,-745 ,-585 ,-193 ,-197 ,-96 ,580 ,1082 ,71 ,-1416 ,-1419 ,-1080 ,-1609 ,-2121 ,-1372 ,-422 ,-745 ,-1274 ,-785 ,-541 ,-1474 ,-2418 ,-2505 ,-1995 ,
-1859 ,-1513 ,-768 ,-871 ,-1116 ,-725 ,-488 ,-968 ,-1334 ,-878 ,251 ,1003 ,866 ,503 ,573 ,1129 ,1559 ,1761 ,1984 ,2000 ,1784 ,1862 ,1921 ,1951 ,2544 ,3289 ,3043 ,2138 ,1879 ,1423 ,439 ,-379 ,
-331 ,756 ,1418 ,1589 ,2008 ,1668 ,-52 ,-1957 ,-2474 ,-2002 ,-1784 ,-1049 ,584 ,1387 ,344 ,-1096 ,-1123 ,-918 ,-1477 ,-1393 ,-580 ,-559 ,-1230 ,-1191 ,-548 ,-325 ,-467 ,-601 ,-878 ,-1515 ,-2323 ,-2502 ,
-2310 ,-2256 ,-1575 ,-332 ,656 ,513 ,-606 ,-1880 ,-2886 ,-3049 ,-1946 ,-338 ,420 ,759 ,848 ,700 ,281 ,-111 ,549 ,928 ,228 ,66 ,1088 ,1782 ,1326 ,452 ,9 ,484 ,1470 ,1557 ,544 ,-429 ,
-355 ,474 ,731 ,843 ,1161 ,1000 ,261 ,-639 ,-1611 ,-2254 ,-1514 ,64 ,1607 ,2303 ,1991 ,840 ,-814 ,-1703 ,-730 ,1300 ,2227 ,1797 ,1402 ,1553 ,1923 ,2128 ,2179 ,2134 ,1801 ,1437 ,1765 ,1965 ,
825 ,-1115 ,-2144 ,-1474 ,-847 ,-429 ,324 ,66 ,-1261 ,-2221 ,-2409 ,-2715 ,-2881 ,-2112 ,-1491 ,-1701 ,-1950 ,-2169 ,-2980 ,-3611 ,-2588 ,-1029 ,-797 ,-1788 ,-2423 ,-1864 ,-1423 ,-1498 ,-1201 ,-359 ,361 ,642 ,
971 ,1272 ,923 ,-229 ,-1240 ,-1111 ,-549 ,-536 ,-514 ,-109 ,-252 ,-881 ,-1368 ,-1590 ,-1387 ,-930 ,-765 ,-466 ,167 ,287 ,-501 ,-1232 ,-1117 ,-213 ,992 ,1199 ,997 ,1399 ,1600 ,974 ,326 ,710 ,
1577 ,1740 ,1447 ,1971 ,2903 ,2626 ,1334 ,965 ,1315 ,958 ,449 ,679 ,893 ,468 ,-114 ,-940 ,-1899 ,-2024 ,-1548 ,-883 ,-233 ,103 ,-687 ,-2473 ,-3244 ,-2749 ,-1545 ,-618 ,-538 ,-401 ,-315 ,-862 ,
-1840 ,-1522 ,-249 ,147 ,117 ,727 ,1547 ,1220 ,4 ,-504 ,-511 ,-860 ,-797 ,-206 ,-7 ,-274 ,-485 ,-692 ,-1148 ,-1162 ,-579 ,-404 ,-548 ,-726 ,-1810 ,-3044 ,-3431 ,-2816 ,-1655 ,-999 ,-499 ,372 ,
126 ,-1596 ,-2609 ,-1955 ,-1062 ,-600 ,266 ,1501 ,2269 ,2307 ,2039 ,2023 ,1942 ,1627 ,1832 ,2314 ,2225 ,1631 ,1394 ,1848 ,2148 ,2898 ,4186 ,4545 ,3536 ,2245 ,1843 ,1796 ,1081 ,683 ,1006 ,803 ,
539 ,728 ,443 ,-669 ,-950 ,-74 ,411 ,214 ,-19 ,48 ,-299 ,-1124 ,-2071 ,-2056 ,-1138 ,-1071 ,-873 ,256 ,960 ,62 ,-1432 ,-2169 ,-2667 ,-3076 ,-3038 ,-2608 ,-2270 ,-2331 ,-2190 ,-1649 ,-1446 ,-1820 ,
-1909 ,-1761 ,-2099 ,-2837 ,-3587 ,-3815 ,-3022 ,-1649 ,-634 ,-550 ,-1096 ,-1237 ,-985 ,-1212 ,-1639 ,-1269 ,-655 ,-574 ,-266 ,855 ,2085 ,1863 ,930 ,988 ,1497 ,1520 ,1329 ,1589 ,1736 ,1611 ,1833 ,2029 ,
1631 ,1162 ,1533 ,2331 ,2235 ,1645 ,1215 ,839 ,820 ,1115 ,1120 ,614 ,221 ,121 ,274 ,339 ,271 ,373 ,303 ,64 ,-29 ,61 ,91 ,-381 ,-752 ,-351 ,222 ,232 ,-48 ,-160 ,-230 ,-7 ,
120 ,-312 ,-1200 ,-1800 ,-1445 ,-1243 ,-1482 ,-1261 ,-1086 ,-1731 ,-2135 ,-1767 ,-1682 ,-2058 ,-2448 ,-2557 ,-2504 ,-2551 ,-2657 ,-2439 ,-1736 ,-1027 ,-575 ,-449 ,-700 ,-1182 ,-1318 ,-889 ,-349 ,-213 ,-229 ,-292 ,
-534 ,-264 ,525 ,729 ,638 ,1066 ,1522 ,1478 ,1285 ,1077 ,569 ,320 ,732 ,1368 ,1966 ,2255 ,1656 ,1060 ,830 ,633 ,909 ,1624 ,2223 ,2013 ,1698 ,1678 ,1752 ,1654 ,1159 ,1200 ,1737 ,1804 ,
1234 ,878 ,891 ,666 ,517 ,320 ,34 ,-135 ,-192 ,-559 ,-1195 ,-1608 ,-1912 ,-1983 ,-1875 ,-1613 ,-1123 ,-1052 ,-1925 ,-3075 ,-3771 ,-3769 ,-3356 ,-2910 ,-2582 ,-2623 ,-2690 ,-2405 ,-2260 ,-2638 ,-2916 ,-2431 ,
-1510 ,-988 ,-846 ,-470 ,22 ,372 ,667 ,1450 ,1841 ,897 ,-231 ,-702 ,-884 ,-1041 ,-657 ,14 ,148 ,204 ,671 ,1033 ,480 ,-729 ,-1248 ,-868 ,-426 ,-437 ,-619 ,-738 ,-858 ,-910 ,-639 ,-96 ,
21 ,-109 ,406 ,926 ,1097 ,1065 ,727 ,474 ,788 ,1702 ,2491 ,2618 ,2326 ,2055 ,1891 ,1923 ,1830 ,1483 ,1145 ,876 ,793 ,664 ,143 ,-671 ,-928 ,-662 ,-661 ,-660 ,-746 ,-1317 ,-2048 ,-2609 ,
-2887 ,-2785 ,-2363 ,-1856 ,-1331 ,-688 ,-544 ,-948 ,-1438 ,-2018 ,-2366 ,-1922 ,-892 ,74 ,827 ,1309 ,1215 ,653 ,-33 ,-480 ,-702 ,-908 ,-945 ,-846 ,-781 ,-477 ,-241 ,-180 ,-19 ,66 ,-265 ,-909 ,
-1526 ,-2206 ,-2855 ,-2732 ,-1991 ,-1342 ,-904 ,-282 ,216 ,70 ,-173 ,-23 ,404 ,816 ,1170 ,1664 ,2230 ,2546 ,2550 ,2465 ,2504 ,2662 ,2496 ,2513 ,3084 ,3539 ,3517 ,2922 ,2223 ,1525 ,1048 ,1243 ,
1818 ,2183 ,2110 ,1535 ,687 ,9 ,-602 ,-1416 ,-1893 ,-1633 ,-1105 ,-657 ,-273 ,25 ,101 ,-221 ,-528 ,-828 ,-1234 ,-1578 ,-1650 ,-1054 ,280 ,1451 ,1792 ,1500 ,1121 ,921 ,618 ,-89 ,-703 ,-908 ,
-1166 ,-944 ,-216 ,223 ,68 ,-599 ,-1146 ,-1577 ,-2209 ,-2890 ,-3099 ,-2935 ,-2890 ,-2667 ,-2365 ,-2085 ,-1889 ,-2052 ,-1931 ,-1591 ,-1618 ,-1736 ,-1453 ,-890 ,-307 ,214 ,215 ,-211 ,-437 ,-113 ,827 ,1622 ,
2153 ,2325 ,2119 ,2435 ,2732 ,2531 ,2156 ,1862 ,1716 ,1619 ,1508 ,1337 ,1213 ,1076 ,733 ,728 ,1222 ,1788 ,2237 ,2352 ,2361 ,2130 ,1666 ,1312 ,1135 ,977 ,765 ,870 ,864 ,718 ,991 ,1408 ,
1676 ,1517 ,1105 ,756 ,244 ,-330 ,-809 ,-1108 ,-1225 ,-1227 ,-1115 ,-1015 ,-1258 ,-1724 ,-2067 ,-2690 ,-3396 ,-3483 ,-2947 ,-2156 ,-1506 ,-1231 ,-1427 ,-2206 ,-3088 ,-3776 ,-3978 ,-3573 ,-2609 ,-1189 ,161 ,1219 ,
2045 ,2686 ,2625 ,1726 ,577 ,-324 ,-1033 ,-1820 ,-2073 ,-1648 ,-971 ,-131 ,743 ,1440 ,1714 ,1677 ,1415 ,955 ,304 ,-338 ,-616 ,-341 ,136 ,590 ,1029 ,1241 ,1057 ,1093 ,1444 ,1899 ,2272 ,2490 ,
2591 ,2396 ,2288 ,2265 ,2305 ,2329 ,2132 ,1927 ,1588 ,1363 ,1429 ,1439 ,1516 ,1438 ,938 ,491 ,251 ,196 ,451 ,495 ,-421 ,-1907 ,-3421 ,-4535 ,-4816 ,-4500 ,-3517 ,-2218 ,-953 ,479 ,1415 ,1430 ,
252 ,-1713 ,-3595 ,-5082 ,-5713 ,-5437 ,-4438 ,-2976 ,-1398 ,-157 ,702 ,1035 ,605 ,-247 ,-1001 ,-1551 ,-1979 ,-2233 ,-2344 ,-2141 ,-1665 ,-1222 ,-1137 ,-1188 ,-1295 ,-1405 ,-1294 ,-1145 ,-827 ,-500 ,-46 ,408 ,
208 ,-104 ,-571 ,-885 ,-800 ,-508 ,248 ,961 ,1740 ,2666 ,3543 ,4224 ,4535 ,4609 ,4385 ,3996 ,3824 ,4010 ,4024 ,2806 ,802 ,-965 ,-2248 ,-2673 ,-1846 ,-327 ,1095 ,2635 ,3982 ,4773 ,3867 ,1010 ,
-2150 ,-4690 ,-6210 ,-6653 ,-5938 ,-4393 ,-2478 ,-781 ,193 ,493 ,-161 ,-1366 ,-2331 ,-2718 ,-2801 ,-2682 ,-1874 ,-885 ,133 ,1111 ,1748 ,1564 ,540 ,-451 ,-1005 ,-1052 ,-417 ,237 ,879 ,1514 ,1686 ,1622 ,
1052 ,-260 ,-1631 ,-2199 ,-2356 ,-2121 ,-1298 ,-388 ,379 ,1044 ,1556 ,1575 ,1292 ,849 ,362 ,304 ,910 ,1624 ,1338 ,87 ,-1172 ,-2051 ,-2178 ,-1105 ,586 ,2296 ,4246 ,6265 ,7677 ,7719 ,5963 ,3098 ,
436 ,-1523 ,-2388 ,-1872 ,-497 ,1079 ,2408 ,3468 ,3914 ,3409 ,2114 ,181 ,-1325 ,-1908 ,-1852 ,-1182 ,-246 ,1120 ,2435 ,3308 ,3102 ,1419 ,-406 ,-2049 ,-2876 ,-2450 ,-1318 ,-121 ,297 ,470 ,617 ,412 ,
-618 ,-2343 ,-3643 ,-4156 ,-3895 ,-2884 ,-1464 ,-547 ,-48 ,513 ,679 ,440 ,-261 ,-1392 ,-2419 ,-2951 ,-2656 ,-1584 ,-737 ,-1207 ,-2511 ,-3671 ,-4467 ,-4691 ,-3879 ,-2110 ,196 ,3051 ,5599 ,7199 ,6978 ,4593 ,
1642 ,-669 ,-2208 ,-2981 ,-2698 ,-1537 ,67 ,1832 ,3319 ,4217 ,3955 ,2640 ,1519 ,638 ,-109 ,-548 ,-518 ,127 ,1563 ,3470 ,4381 ,3631 ,1629 ,-500 ,-2182 ,-3480 ,-3709 ,-2901 ,-1863 ,-854 ,-73 ,602 ,
649 ,-293 ,-1293 ,-1797 ,-1885 ,-1595 ,-1018 ,-330 ,612 ,1455 ,1919 ,2412 ,2764 ,2422 ,1378 ,219 ,-840 ,-1650 ,-1739 ,-811 ,160 ,168 ,-495 ,-1512 ,-2399 ,-3006 ,-2533 ,-939 ,941 ,3005 ,4621 ,5073 ,
3593 ,971 ,-2200 ,-5240 ,-6749 ,-6817 ,-5798 ,-4201 ,-2306 ,-612 ,502 ,1252 ,827 ,-597 ,-1905 ,-3057 ,-4200 ,-4542 ,-3591 ,-1823 ,418 ,2750 ,4250 ,3989 ,2335 ,125 ,-2128 ,-3718 ,-4117 ,-3185 ,-1353 ,475 ,
2089 ,3248 ,3672 ,3207 ,2248 ,1577 ,1376 ,1682 ,2309 ,2913 ,3590 ,4378 ,4846 ,4886 ,4478 ,3737 ,2767 ,1411 ,99 ,-631 ,-599 ,298 ,1883 ,3210 ,3162 ,1929 ,200 ,-1649 ,-2964 ,-2969 ,-2352 ,-1352 ,
436 ,2067 ,2536 ,1336 ,-1090 ,-3508 ,-5169 ,-6224 ,-6426 ,-5943 ,-5074 ,-3628 ,-2111 ,-598 ,21 ,-665 ,-1837 ,-2820 ,-3258 ,-3508 ,-3395 ,-2577 ,-1176 ,825 ,2969 ,4076 ,3211 ,729 ,-2032 ,-4568 ,-5949 ,-5680 ,
-4514 ,-2758 ,-588 ,1685 ,3372 ,3894 ,2888 ,1197 ,-173 ,-1288 ,-1994 ,-2065 ,-1291 ,125 ,1699 ,3061 ,3956 ,4247 ,3807 ,2924 ,2002 ,967 ,313 ,701 ,1803 ,3742 ,5942 ,6720 ,5555 ,3018 ,171 ,-2292 ,
-3691 ,-3169 ,-1357 ,1210 ,4129 ,6183 ,7356 ,6899 ,4276 ,811 ,-2169 ,-4320 ,-5547 ,-5343 ,-3876 ,-2083 ,-768 ,1 ,416 ,153 ,-581 ,-1303 ,-1611 ,-1546 ,-1243 ,-286 ,1275 ,2920 ,3335 ,2220 ,344 ,-2007 ,
-4204 ,-5886 ,-6280 ,-4992 ,-2657 ,51 ,2334 ,3723 ,3774 ,2206 ,-370 ,-2714 ,-4201 ,-5052 ,-5087 ,-3895 ,-1932 ,140 ,1934 ,3330 ,3923 ,3467 ,2202 ,1211 ,847 ,634 ,1048 ,2333 ,4060 ,5944 ,7466 ,7847 ,
6689 ,4268 ,1476 ,-961 ,-1663 ,120 ,2978 ,6121 ,8939 ,10719 ,11453 ,10019 ,6493 ,2748 ,-657 ,-3756 ,-5634 ,-5466 ,-3864 ,-2024 ,-742 ,207 ,866 ,485 ,-671 ,-1503 ,-1817 ,-2213 ,-2454 ,-1609 ,-215 ,990 ,
1559 ,1168 ,-142 ,-2199 ,-4196 ,-5530 ,-5326 ,-3484 ,-1191 ,928 ,2651 ,3573 ,3409 ,2119 ,28 ,-1980 ,-3399 ,-4122 ,-3684 ,-2158 ,-418 ,898 ,1492 ,1470 ,1178 ,631 ,-416 ,-1326 ,-1462 ,-1261 ,-948 ,-326 ,
876 ,1938 ,2179 ,1807 ,627 ,-1352 ,-3385 ,-4478 ,-4227 ,-2505 ,-56 ,2475 ,5151 ,7363 ,8634 ,7810 ,5224 ,2319 ,-585 ,-3116 ,-4599 ,-4306 ,-2894 ,-968 ,845 ,1784 ,2201 ,2290 ,1657 ,879 ,750 ,371 ,
-466 ,-1088 ,-1034 ,-309 ,171 ,203 ,-63 ,-1039 ,-2515 ,-3846 ,-4121 ,-2766 ,-1083 ,322 ,1647 ,2383 ,2352 ,1315 ,-475 ,-2346 ,-4137 ,-5466 ,-5558 ,-4174 ,-2373 ,-1337 ,-938 ,-835 ,-854 ,-948 ,-1461 ,-1741 ,
-1509 ,-1426 ,-1336 ,-1188 ,-1212 ,-1212 ,-1250 ,-1578 ,-1822 ,-2001 ,-2498 ,-3008 ,-2760 ,-1812 ,-839 ,523 ,2150 ,3649 ,5266 ,6229 ,5603 ,4080 ,2120 ,-84 ,-1717 ,-2270 ,-2224 ,-2327 ,-1944 ,-855 ,246 ,1193 ,
1852 ,1643 ,930 ,355 ,66 ,-274 ,-507 ,-144 ,390 ,611 ,499 ,430 ,79 ,-421 ,-876 ,-925 ,-172 ,813 ,1562 ,2128 ,2707 ,2563 ,1493 ,34 ,-1809 ,-2988 ,-3100 ,-2592 ,-1737 ,-1141 ,-802 ,-546 ,
-230 ,-290 ,-600 ,-665 ,-802 ,-682 ,-489 ,-667 ,-996 ,-1411 ,-1959 ,-2706 ,-3359 ,-3356 ,-2503 ,-1249 ,-582 ,-257 ,145 ,164 ,-18 ,509 ,1877 ,3706 ,5488 ,5998 ,4876 ,3044 ,918 ,-1378 ,-3226 ,-4634 ,
-5603 ,-5783 ,-4871 ,-3459 ,-2523 ,-1667 ,-1071 ,-1401 ,-2138 ,-2668 ,-2981 ,-3337 ,-3514 ,-3306 ,-3038 ,-2580 ,-1800 ,-981 ,-293 ,-26 ,-113 ,30 ,774 ,1678 ,2786 ,4202 ,5051 ,4774 ,3887 ,3292 ,3079 ,3173 ,
3222 ,3025 ,2897 ,2878 ,3028 ,3271 ,3084 ,2565 ,2174 ,1679 ,1225 ,915 ,602 ,48 ,-1378 ,-3240 ,-4548 ,-4866 ,-4651 ,-3937 ,-2596 ,-1705 ,-1595 ,-1605 ,-1740 ,-2177 ,-2054 ,-895 ,693 ,2305 ,3523 ,4224 ,
4269 ,3386 ,2000 ,-44 ,-1987 ,-3285 ,-3722 ,-2889 ,-1749 ,-806 ,-41 ,541 ,699 ,159 ,-659 ,-1130 ,-1498 ,-2439 ,-3140 ,-3209 ,-2943 ,-2479 ,-1594 ,-346 ,223 ,153 ,-65 ,-150 ,263 ,728 ,1233 ,1810 ,
2086 ,2357 ,2899 ,3466 ,3950 ,3970 ,3742 ,3533 ,3356 ,3093 ,2859 ,3050 ,2972 ,2771 ,2802 ,3028 ,3197 ,3081 ,2616 ,1443 ,-320 ,-1916 ,-2762 ,-2663 ,-1928 ,-844 ,629 ,1507 ,1513 ,1380 ,1162 ,731 ,
361 ,791 ,2092 ,3765 ,5464 ,6391 ,5936 ,4309 ,2120 ,-276 ,-2285 ,-3461 ,-3661 ,-2971 ,-2091 ,-1528 ,-1285 ,-1299 ,-1771 ,-2613 ,-3198 ,-3340 ,-3602 ,-4081 ,-4109 ,-3818 ,-3674 ,-3472 ,-3021 ,-2722 ,-2629 ,-2579 ,
-2696 ,-2857 ,-2882 ,-2726 ,-2010 ,-939 ,-149 ,357 ,867 ,1341 ,1492 ,1540 ,1604 ,1594 ,1744 ,2089 ,2439 ,2378 ,2282 ,2525 ,3033 ,3681 ,3980 ,3752 ,3245 ,2414 ,1195 ,137 ,-496 ,-649 ,-291 ,321 ,
1110 ,2162 ,2511 ,1915 ,1014 ,-113 ,-1050 ,-903 ,246 ,1359 ,2430 ,2912 ,2331 ,1095 ,-646 ,-2383 ,-3831 ,-4656 ,-4813 ,-4607 ,-4274 ,-4077 ,-3785 ,-3646 ,-3809 ,-4341 ,-4906 ,-4670 ,-3847 ,-3477 ,-3364 ,-3207 ,
-3318 ,-3399 ,-3019 ,-1867 ,-924 ,-775 ,-975 ,-1191 ,-1425 ,-1392 ,-998 ,-605 ,62 ,613 ,1125 ,1626 ,1651 ,1663 ,1643 ,1490 ,1202 ,928 ,846 ,1006 ,1127 ,1298 ,1676 ,2074 ,2376 ,2556 ,2369 ,1569 ,
367 ,-773 ,-1752 ,-2483 ,-2182 ,-1006 ,526 ,2185 ,3091 ,2820 ,1894 ,965 ,-47 ,-450 ,192 ,1201 ,2430 ,3630 ,3806 ,3198 ,2519 ,1351 ,-347 ,-1871 ,-2742 ,-2921 ,-2701 ,-2482 ,-2234 ,-2076 ,-1911 ,-1796 ,
-1716 ,-1161 ,-759 ,-838 ,-1402 ,-1921 ,-1930 ,-1554 ,-726 ,191 ,840 ,738 ,171 ,-612 ,-1650 ,-2387 ,-2755 ,-2650 ,-2089 ,-1554 ,-1235 ,-787 ,-150 ,-76 ,-658 ,-1309 ,-1718 ,-1524 ,-1019 ,-602 ,-506 ,-495 ,
-348 ,28 ,547 ,809 ,599 ,-223 ,-1198 ,-1932 ,-2329 ,-1956 ,-681 ,820 ,2165 ,3615 ,4881 ,4779 ,3777 ,2777 ,1563 ,526 ,317 ,938 ,1940 ,3273 ,4342 ,4237 ,3392 ,2135 ,308 ,-1184 ,-1985 ,-2430 ,
-2669 ,-2651 ,-2581 ,-2421 ,-2051 ,-1874 ,-1706 ,-1723 ,-1740 ,-1750 ,-2044 ,-1797 ,-1033 ,-503 ,-63 ,682 ,1334 ,1572 ,1175 ,273 ,-775 ,-1826 ,-2439 ,-2432 ,-1646 ,-433 ,616 ,1259 ,1545 ,1425 ,1074 ,741 ,
576 ,374 ,413 ,769 ,906 ,1164 ,1724 ,2470 ,2997 ,3115 ,2746 ,1774 ,855 ,280 ,196 ,354 ,884 ,1926 ,2905 ,3603 ,4034 ,3532 ,1876 ,-176 ,-1776 ,-2818 ,-2768 ,-1539 ,-145 ,1138 ,1790 ,1334 ,
284 ,-965 ,-2304 ,-3449 ,-4134 ,-4324 ,-4005 ,-3406 ,-2712 ,-2152 ,-1851 ,-1451 ,-1252 ,-1100 ,-371 ,631 ,1441 ,1987 ,2595 ,3084 ,3494 ,4377 ,5247 ,5520 ,4926 ,3517 ,1936 ,643 ,-142 ,-268 ,157 ,548 ,
864 ,935 ,899 ,741 ,58 ,-575 ,-873 ,-1273 ,-1486 ,-1282 ,-993 ,-542 ,-8 ,360 ,550 ,588 ,654 ,526 ,116 ,-309 ,-833 ,-1209 ,-844 ,274 ,1453 ,2068 ,2189 ,1697 ,300 ,-1313 ,-2262 ,-2537 ,
-2449 ,-1852 ,-849 ,45 ,473 ,28 ,-1087 ,-2206 ,-3248 ,-4013 ,-4312 ,-4304 ,-4004 ,-3533 ,-3438 ,-3706 ,-3851 ,-3554 ,-2821 ,-1844 ,-657 ,444 ,910 ,987 ,1272 ,1839 ,2386 ,2819 ,3321 ,3495 ,2976 ,2049 ,
1100 ,-20 ,-906 ,-1263 ,-1227 ,-620 ,-3 ,55 ,-100 ,-476 ,-1311 ,-2223 ,-2691 ,-2746 ,-2378 ,-1736 ,-1289 ,-1158 ,-979 ,-562 ,64 ,875 ,1609 ,1829 ,1279 ,648 ,315 ,206 ,416 ,840 ,1369 ,1364 ,
992 ,772 ,175 ,-1043 ,-2196 ,-2496 ,-2481 ,-2187 ,-1340 ,-461 ,-130 ,-489 ,-1310 ,-2398 ,-3208 ,-3569 ,-3530 ,-3295 ,-3505 ,-4135 ,-4687 ,-5084 ,-4823 ,-4003 ,-2786 ,-1429 ,-291 ,691 ,1337 ,1570 ,1703 ,1912 ,
1832 ,1811 ,2346 ,2877 ,3029 ,2498 ,1570 ,852 ,260 ,-14 ,327 ,1125 ,1764 ,1914 ,1653 ,1089 ,721 ,496 ,651 ,1182 ,1472 ,1622 ,1689 ,1758 ,1916 ,2364 ,3186 ,3969 ,4390 ,4438 ,4083 ,3366 ,
2470 ,1418 ,306 ,-555 ,-683 ,-493 ,-675 ,-962 ,-1060 ,-1848 ,-3324 ,-3850 ,-3769 ,-3835 ,-3516 ,-2961 ,-3009 ,-3361 ,-3559 ,-3778 ,-3581 ,-3362 ,-3494 ,-3747 ,-3996 ,-4204 ,-4414 ,-4301 ,-3804 ,-2974 ,-1542 ,97 ,
1345 ,2459 ,3180 ,3119 ,2556 ,2090 ,2210 ,2581 ,3110 ,3454 ,3489 ,3068 ,2113 ,1265 ,925 ,1063 ,1331 ,1469 ,1519 ,1075 ,505 ,190 ,-102 ,-358 ,-515 ,-418 ,-205 ,58 ,291 ,462 ,613 ,874 ,
1523 ,2582 ,3789 ,4739 ,4905 ,4194 ,2943 ,1652 ,723 ,165 ,49 ,362 ,793 ,776 ,589 ,375 ,-362 ,-1070 ,-1135 ,-1090 ,-1374 ,-1390 ,-1051 ,-852 ,-582 ,-398 ,-721 ,-1036 ,-1204 ,-1686 ,-2181 ,-2447 ,
-2805 ,-3106 ,-3047 ,-2409 ,-1334 ,-250 ,696 ,1313 ,1466 ,1360 ,1118 ,903 ,1044 ,1277 ,1498 ,1946 ,2080 ,2045 ,1795 ,1481 ,1353 ,1222 ,1304 ,1209 ,1028 ,910 ,861 ,786 ,536 ,338 ,161 ,332 ,
728 ,909 ,896 ,926 ,1201 ,1814 ,2869 ,4036 ,4819 ,5015 ,4695 ,3909 ,2826 ,1940 ,1452 ,1065 ,880 ,854 ,811 ,532 ,291 ,526 ,341 ,-517 ,-1118 ,-1045 ,-801 ,-550 ,-98 ,154 ,-77 ,-513 ,
-864 ,-1171 ,-1256 ,-1256 ,-1607 ,-2343 ,-2823 ,-2772 ,-2342 ,-1774 ,-1091 ,-345 ,-125 ,-243 ,-199 ,-82 ,0 ,-8 ,282 ,820 ,1151 ,1372 ,1808 ,2226 ,1987 ,1531 ,1114 ,714 ,774 ,1192 ,1533 ,1644 ,
1525 ,1286 ,978 ,826 ,800 ,623 ,373 ,91 ,-164 ,-135 ,277 ,807 ,1415 ,1903 ,1789 ,1244 ,552 ,-174 ,-786 ,-1200 ,-1480 ,-1775 ,-1937 ,-2050 ,-2095 ,-2285 ,-2687 ,-2865 ,-2995 ,-3274 ,-3034 ,-2163 ,
-1326 ,-822 ,-653 ,-602 ,-613 ,-711 ,-368 ,245 ,454 ,459 ,516 ,221 ,-86 ,77 ,283 ,263 ,344 ,499 ,125 ,-352 ,-614 ,-714 ,-506 ,-354 ,-383 ,17 ,604 ,934 ,988 ,601 ,-2 ,-606 ,
-658 ,-442 ,-286 ,-68 ,-74 ,-169 ,-200 ,-103 ,-27 ,19 ,-67 ,-258 ,-481 ,-462 ,-86 ,333 ,838 ,1269 ,1507 ,1408 ,1271 ,969 ,519 ,234 ,-159 ,-611 ,-879 ,-924 ,-883 ,-851 ,-1234 ,-2264 ,
-3010 ,-2879 ,-2448 ,-1938 ,-1138 ,-514 ,-403 ,-609 ,-850 ,-784 ,-399 ,-33 ,-2 ,175 ,640 ,755 ,873 ,1035 ,817 ,674 ,699 ,479 ,186 ,108 ,41 ,-356 ,-784 ,-952 ,-1011 ,-666 ,-17 ,533 ,
720 ,595 ,319 ,141 ,161 ,144 ,289 ,588 ,695 ,600 ,668 ,874 ,1004 ,1110 ,1241 ,1259 ,1208 ,1433 ,1651 ,1722 ,1851 ,2017 ,1929 ,1574 ,1206 ,880 ,660 ,464 ,-15 ,-621 ,-1052 ,-1308 ,
-1343 ,-1413 ,-1696 ,-2256 ,-2998 ,-3476 ,-3299 ,-2822 ,-2543 ,-2347 ,-2243 ,-2119 ,-1975 ,-2108 ,-2264 ,-2283 ,-2041 ,-1696 ,-1266 ,-482 ,353 ,752 ,928 ,862 ,251 ,-202 ,-293 ,-425 ,-196 ,130 ,-126 ,-548 ,
-776 ,-514 ,199 ,868 ,1390 ,1574 ,1583 ,1545 ,1806 ,2252 ,2462 ,2775 ,2898 ,2836 ,2669 ,2594 ,2498 ,2087 ,1877 ,1652 ,1571 ,1811 ,1999 ,2148 ,2137 ,1680 ,957 ,321 ,-104 ,-551 ,-755 ,-959 ,
-1535 ,-1940 ,-2283 ,-2489 ,-2540 ,-2759 ,-3192 ,-3754 ,-3908 ,-4116 ,-4280 ,-3987 ,-3477 ,-2900 ,-2481 ,-2207 ,-1962 ,-1445 ,-1186 ,-1297 ,-1216 ,-881 ,-340 ,266 ,1156 ,2327 ,3060 ,3254 ,2799 ,2009 ,1688 ,1486 ,
1103 ,612 ,266 ,26 ,-229 ,-166 ,12 ,318 ,387 ,38 ,-128 ,-8 ,198 ,324 ,619 ,945 ,1058 ,1207 ,1314 ,1473 ,1608 ,1562 ,1363 ,1241 ,1329 ,1499 ,1982 ,2717 ,3164 ,3159 ,2729 ,2112 ,
1587 ,1302 ,1207 ,787 ,283 ,35 ,-91 ,-91 ,-149 ,-476 ,-1102 ,-1674 ,-2069 ,-2321 ,-2251 ,-2104 ,-1980 ,-1953 ,-2093 ,-2124 ,-2008 ,-1758 ,-1582 ,-1558 ,-1439 ,-1417 ,-1440 ,-1104 ,-435 ,206 ,732 ,1073 ,
977 ,808 ,708 ,557 ,152 ,-515 ,-1147 ,-1483 ,-1502 ,-1344 ,-1245 ,-1294 ,-1437 ,-1728 ,-2061 ,-2250 ,-2215 ,-2001 ,-1685 ,-1177 ,-942 ,-729 ,-178 ,201 ,481 ,737 ,996 ,1167 ,1258 ,1735 ,2473 ,3339 ,
3965 ,4119 ,3851 ,3357 ,2972 ,2674 ,2433 ,1964 ,1578 ,1412 ,1098 ,977 ,1002 ,589 ,-126 ,-779 ,-1400 ,-2259 ,-2530 ,-2493 ,-2759 ,-2713 ,-2858 ,-3323 ,-3557 ,-3679 ,-3817 ,-3965 ,-4017 ,-3844 ,-3401 ,-3006 ,
-2475 ,-1444 ,-588 ,-338 ,-389 ,-173 ,-80 ,120 ,487 ,184 ,137 ,293 ,134 ,284 ,682 ,935 ,879 ,727 ,360 ,-114 ,-134 ,22 ,7 ,64 ,460 ,697 ,776 ,875 ,721 ,384 ,-93 ,-204 ,
-17 ,360 ,919 ,1428 ,1903 ,2008 ,1770 ,1598 ,1610 ,1303 ,714 ,18 ,-569 ,-684 ,-732 ,-592 ,-495 ,-777 ,-1140 ,-1597 ,-1995 ,-2305 ,-2442 ,-2233 ,-2023 ,-1870 ,-1478 ,-1158 ,-1150 ,-1153 ,-1068 ,-1289 ,
-1698 ,-1626 ,-1191 ,-809 ,26 ,1106 ,1430 ,1819 ,2221 ,2114 ,2243 ,2452 ,2252 ,1531 ,1048 ,962 ,923 ,1258 ,1534 ,1705 ,1889 ,1565 ,855 ,333 ,-45 ,-81 ,-58 ,-370 ,-248 ,-50 ,-85 ,53 ,
15 ,-171 ,-570 ,-764 ,-904 ,-816 ,197 ,983 ,1465 ,1809 ,1949 ,1941 ,1778 ,1687 ,1309 ,718 ,74 ,-248 ,-366 ,-485 ,-416 ,-308 ,-341 ,-765 ,-1266 ,-1696 ,-1881 ,-1599 ,-1529 ,-1466 ,-1351 ,-1205 ,
-1262 ,-1367 ,-1015 ,-1223 ,-1481 ,-1350 ,-1503 ,-1330 ,-677 ,-147 ,425 ,1207 ,1442 ,1640 ,2244 ,2274 ,1554 ,1198 ,1401 ,820 ,454 ,1064 ,1015 ,1096 ,1555 ,1093 ,473 ,397 ,465 ,139 ,-259 ,94 ,
463 ,233 ,480 ,624 ,273 ,195 ,125 ,115 ,60 ,614 ,1446 ,1542 ,2109 ,2671 ,2392 ,2542 ,2761 ,2320 ,1675 ,1444 ,1222 ,658 ,642 ,630 ,450 ,234 ,-221 ,-715 ,-1350 ,-1741 ,-1934 ,-1954 ,
-2069 ,-2290 ,-2193 ,-2590 ,-2804 ,-2433 ,-2562 ,-3005 ,-3164 ,-3175 ,-3006 ,-2220 ,-1664 ,-1254 ,-896 ,-614 ,-318 ,-297 ,761 ,1266 ,751 ,1277 ,1308 ,831 ,802 ,1530 ,2271 ,2346 ,3019 ,2899 ,2289 ,2581 ,
2929 ,2834 ,2619 ,3141 ,2998 ,2817 ,3428 ,3290 ,3216 ,2972 ,2322 ,1652 ,1115 ,1721 ,2182 ,2350 ,2666 ,2268 ,2093 ,1856 ,1471 ,1129 ,423 ,108 ,-315 ,-1089 ,-1255 ,-914 ,-807 ,-1037 ,-1206 ,-1837 ,
-2862 ,-3223 ,-2923 ,-3030 ,-3130 ,-2586 ,-2694 ,-2684 ,-2041 ,-1667 ,-1839 ,-1925 ,-1637 ,-2251 ,-1948 ,-958 ,-820 ,-55 ,183 ,72 ,115 ,282 ,473 ,64 ,288 ,19 ,-457 ,-716 ,-1068 ,-243 ,-41 ,19 ,
427 ,40 ,10 ,-92 ,-172 ,226 ,-59 ,-178 ,-41 ,61 ,350 ,495 ,1241 ,1196 ,179 ,530 ,801 ,682 ,1447 ,2264 ,2530 ,2333 ,2578 ,2651 ,2147 ,2028 ,1856 ,1037 ,342 ,-242 ,-566 ,-272 ,
-80 ,14 ,-356 ,-1044 ,-1637 ,-2087 ,-1935 ,-1966 ,-2092 ,-2223 ,-2385 ,-2307 ,-2299 ,-1854 ,-1280 ,-1353 ,-2115 ,-2336 ,-1799 ,-1948 ,-1712 ,-731 ,-438 ,-559 ,-272 ,-52 ,-442 ,-337 ,48 ,-641 ,-1277 ,-1619 ,
-2004 ,-1694 ,-1499 ,-1212 ,-1081 ,-1634 ,-1564 ,-1709 ,-1746 ,-1347 ,-1297 ,-906 ,-1179 ,-836 ,-228 ,-737 ,120 ,454 ,-466 ,-294 ,469 ,777 ,1207 ,2544 ,2942 ,2983 ,3812 ,3523 ,2617 ,3027 ,3285 ,2120 ,
2186 ,1932 ,959 ,1803 ,1767 ,880 ,765 ,727 ,-198 ,-947 ,-237 ,-765 ,-1311 ,-969 ,-1498 ,-1574 ,-1666 ,-1725 ,-1877 ,-2178 ,-2044 ,-2455 ,-2479 ,-2028 ,-1331 ,-1112 ,-960 ,-56 ,-38 ,80 ,437 ,715 ,
539 ,73 ,8 ,-1103 ,-910 ,-25 ,-362 ,-152 ,-111 ,-91 ,-473 ,-487 ,-301 ,-722 ,-95 ,-150 ,-283 ,416 ,522 ,464 ,448 ,304 ,-587 ,-979 ,-888 ,-1074 ,-225 ,560 ,901 ,1537 ,1600 ,1281 ,
1611 ,1353 ,229 ,197 ,-244 ,-1305 ,-1222 ,-367 ,-386 ,-1325 ,-989 ,-1632 ,-2641 ,-1961 ,-2530 ,-2683 ,-1765 ,-1792 ,-1767 ,-1314 ,-572 ,-715 ,-710 ,-83 ,-741 ,-812 ,-181 ,-69 ,373 ,1111 ,1661 ,1937 ,
1941 ,2021 ,2731 ,2620 ,2047 ,2097 ,1231 ,561 ,837 ,1094 ,654 ,603 ,1200 ,108 ,-157 ,410 ,-366 ,-822 ,-916 ,-836 ,-1050 ,-721 ,-182 ,-327 ,-10 ,-343 ,-683 ,-949 ,-940 ,-431 ,-229 ,576 ,
1080 ,1813 ,1919 ,1944 ,2944 ,2287 ,1838 ,1482 ,351 ,-69 ,494 ,701 ,-21 ,438 ,152 ,-673 ,-752 ,-1068 ,-1423 ,-2037 ,-1710 ,-1930 ,-1963 ,-878 ,-911 ,-687 ,-671 ,-850 ,-840 ,-1053 ,-952 ,-310 ,
356 ,361 ,1203 ,1496 ,1439 ,2195 ,2768 ,2931 ,2359 ,2573 ,1879 ,1082 ,1937 ,1445 ,1199 ,1442 ,885 ,568 ,619 ,447 ,-178 ,9 ,170 ,-364 ,-346 ,339 ,403 ,275 ,806 ,263 ,-9 ,251 ,
74 ,443 ,864 ,1946 ,2053 ,1961 ,2815 ,2263 ,2376 ,3007 ,1865 ,903 ,1495 ,841 ,-96 ,815 ,543 ,-157 ,-427 ,-890 ,-1440 ,-2255 ,-2477 ,-3387 ,-3369 ,-3260 ,-4322 ,-3484 ,-3408 ,-3869 ,-3390 ,-3608 ,
-3868 ,-4058 ,-3457 ,-3259 ,-3008 ,-1549 ,-1198 ,-987 ,166 ,811 ,912 ,1961 ,1933 ,921 ,1370 ,1697 ,1907 ,1468 ,2281 ,2931 ,1651 ,3230 ,2554 ,1411 ,2928 ,1698 ,1519 ,1680 ,1752 ,2116 ,1485 ,2440 ,
1540 ,833 ,1123 ,-300 ,-358 ,28 ,298 ,521 ,854 ,1217 ,1125 ,1997 ,1663 ,714 ,1066 ,232 ,-1156 ,-631 ,-325 ,-1295 ,-964 ,-1099 ,-1941 ,-1951 ,-2063 ,-2757 ,-3648 ,-2611 ,-3315 ,-4281 ,-2538 ,-3223 ,
-2856 ,-2013 ,-2824 ,-2494 ,-2584 ,-2150 ,-3006 ,-2535 ,-1183 ,-2216 ,-926 ,-738 ,-393 ,922 ,1275 ,2078 ,883 ,1394 ,1099 ,-240 ,764 ,432 ,791 ,984 ,1007 ,1234 ,1091 ,1548 ,566 ,704 ,606 ,68 ,
574 ,41 ,960 ,1428 ,851 ,825 ,595 ,293 ,-287 ,291 ,460 ,679 ,1378 ,1573 ,2094 ,2630 ,3680 ,2667 ,2147 ,2301 ,1176 ,1558 ,720 ,1002 ,1034 ,415 ,942 ,-450 ,160 ,-521 ,-1170 ,-500 ,
-2032 ,-1249 ,-1438 ,-1512 ,-1295 ,-1304 ,-965 ,-2386 ,-1674 ,-2451 ,-2766 ,-1808 ,-2251 ,-2352 ,-2239 ,-989 ,-2088 ,-356 ,898 ,-561 ,776 ,-287 ,-172 ,-567 ,-639 ,-459 ,-1974 ,-283 ,-1266 ,-1341 ,-793 ,-1348 ,
-353 ,-1235 ,-942 ,-980 ,-588 ,-137 ,-80 ,1003 ,336 ,440 ,449 ,101 ,696 ,1148 ,1265 ,1472 ,2437 ,2524 ,2981 ,4192 ,4365 ,3704 ,4027 ,3934 ,2497 ,3462 ,3333 ,2390 ,3191 ,2495 ,2324 ,1392 ,
687 ,1115 ,-292 ,-361 ,-793 ,-1450 ,-1390 ,-2120 ,-829 ,-1514 ,-2357 ,-1385 ,-2951 ,-3223 ,-2662 ,-2356 ,-2505 ,-2625 ,-1362 ,-2083 ,-1280 ,169 ,-203 ,219 ,469 ,503 ,-355 ,55 ,707 ,-129 ,1091 ,1640 ,
504 ,1118 ,1379 ,828 ,1129 ,1211 ,1263 ,481 ,1139 ,2041 ,875 ,2286 ,2025 ,431 ,919 ,316 ,241 ,101 ,814 ,865 ,324 ,1754 ,1631 ,1665 ,2189 ,2034 ,1566 ,884 ,924 ,883 ,435 ,294 ,
1099 ,551 ,-424 ,216 ,241 ,-1061 ,-367 ,84 ,-2405 ,-1105 ,-49 ,-1545 ,-431 ,593 ,-73 ,-1090 ,471 ,-356 ,-1288 ,1242 ,-274 ,-902 ,828 ,567 ,629 ,1956 ,2093 ,1909 ,2524 ,1335 ,947 ,1431 ,
772 ,166 ,1442 ,1449 ,-325 ,1710 ,1248 ,-192 ,1546 ,780 ,-987 ,-530 ,813 ,-746 ,182 ,1460 ,-688 ,244 ,-272 ,-1330 ,-375 ,-119 ,-363 ,-662 ,866 ,397 ,317 ,2404 ,1024 ,953 ,1952 ,-88 ,
-271 ,590 ,-205 ,-449 ,339 ,7 ,-1460 ,-59 ,-387 ,-2314 ,-257 ,-769 ,-2644 ,-1546 ,-662 ,-1503 ,-1401 ,156 ,-1009 ,-1759 ,-716 ,-844 ,-1559 ,-556 ,718 ,-821 ,-780 ,712 ,615 ,403 ,1517 ,2094 ,
835 ,1559 ,1259 ,-254 ,707 ,786 ,-569 ,-1215 ,-365 ,-863 ,-1207 ,-253 ,-1177 ,-1415 ,-1047 ,-1533 ,-1454 ,-603 ,-182 ,-454 ,-388 ,-431 ,-593 ,-720 ,-803 ,-513 ,267 ,347 ,5 ,1023 ,2071 ,1926 ,
2179 ,2646 ,1622 ,1306 ,1540 ,692 ,739 ,1529 ,1243 ,-218 ,76 ,110 ,-1298 ,-958 ,-1837 ,-2738 ,-2853 ,-3092 ,-3191 ,-3253 ,-1598 ,-2189 ,-3484 ,-2826 ,-3047 ,-3473 ,-3219 ,-2426 ,-2636 ,-2340 ,-1457 ,-1664 ,
-666 ,639 ,732 ,840 ,1330 ,924 ,672 ,1295 ,1267 ,1532 ,2008 ,1621 ,1284 ,1678 ,1995 ,1798 ,1577 ,1422 ,1431 ,1117 ,1074 ,1998 ,2292 ,2230 ,2261 ,1465 ,1223 ,1199 ,540 ,714 ,637 ,557 ,
605 ,719 ,1670 ,1753 ,2008 ,2018 ,1432 ,1204 ,323 ,200 ,-64 ,-236 ,6 ,-922 ,-1250 ,-1263 ,-1526 ,-2221 ,-2770 ,-2623 ,-3012 ,-3769 ,-3769 ,-2777 ,-2413 ,-2121 ,-2201 ,-2493 ,-2187 ,-2342 ,-2213 ,-2545 ,
-2127 ,-1677 ,-2396 ,-1733 ,-649 ,678 ,787 ,712 ,1731 ,881 ,649 ,1210 ,766 ,681 ,1201 ,1158 ,343 ,1049 ,1973 ,791 ,454 ,1257 ,398 ,-348 ,319 ,963 ,1088 ,1448 ,1940 ,679 ,465 ,1932 ,
1072 ,465 ,1575 ,1771 ,991 ,1434 ,2705 ,2832 ,3122 ,3216 ,2610 ,2135 ,2064 ,2037 ,1352 ,1704 ,1857 ,683 ,239 ,204 ,92 ,-227 ,-778 ,-1440 ,-1789 ,-1969 ,-2473 ,-2513 ,-1695 ,-1621 ,-2676 ,-2247 ,
-2157 ,-2808 ,-1937 ,-1801 ,-2060 ,-2017 ,-1668 ,-1650 ,-1705 ,94 ,629 ,421 ,1067 ,563 ,259 ,620 ,434 ,77 ,383 ,429 ,-96 ,-36 ,93 ,-10 ,-73 ,-196 ,-692 ,-550 ,-365 ,-358 ,878 ,945 ,
782 ,1177 ,638 ,475 ,500 ,865 ,935 ,1382 ,2187 ,1929 ,2916 ,3783 ,3969 ,4178 ,3829 ,3718 ,3141 ,3247 ,3250 ,3083 ,3366 ,3172 ,2717 ,1937 ,1987 ,1341 ,312 ,-54 ,-751 ,-1028 ,-1537 ,-1495 ,
-1456 ,-1748 ,-1791 ,-2444 ,-2328 ,-2377 ,-2629 ,-2577 ,-2825 ,-2682 ,-2448 ,-1814 ,-1433 ,-858 ,120 ,277 ,216 ,291 ,602 ,354 ,159 ,374 ,504 ,654 ,691 ,1068 ,1097 ,1073 ,1001 ,309 ,150 ,197 ,
195 ,488 ,736 ,598 ,527 ,654 ,365 ,137 ,-115 ,-331 ,-711 ,-746 ,-144 ,398 ,1159 ,1713 ,2217 ,2131 ,1650 ,1775 ,1837 ,1322 ,804 ,1323 ,1051 ,486 ,1120 ,1070 ,494 ,457 ,285 ,-820 ,
-1374 ,-1127 ,-1356 ,-966 ,-824 ,-1153 ,-1153 ,-1376 ,-1423 ,-1338 ,-1262 ,-1745 ,-2150 ,-2042 ,-2159 ,-1632 ,-599 ,-253 ,-94 ,543 ,569 ,383 ,630 ,594 ,251 ,-12 ,175 ,-166 ,-337 ,153 ,257 ,141 ,
-55 ,-397 ,-1050 ,-1249 ,-837 ,-643 ,-535 ,-398 ,-807 ,-1144 ,-766 ,-741 ,-1076 ,-886 ,-875 ,-1522 ,-1434 ,-688 ,-293 ,344 ,968 ,750 ,607 ,993 ,1222 ,857 ,969 ,1409 ,829 ,451 ,685 ,456 ,
503 ,721 ,240 ,-426 ,-779 ,-934 ,-903 ,-703 ,-694 ,-874 ,-954 ,-1220 ,-1198 ,-836 ,-935 ,-1115 ,-1339 ,-1707 ,-1859 ,-1365 ,-779 ,-474 ,195 ,477 ,368 ,654 ,573 ,331 ,537 ,523 ,189 ,-128 ,
-293 ,-187 ,-52 ,-43 ,-402 ,-821 ,-984 ,-1150 ,-759 ,-56 ,227 ,76 ,2 ,65 ,-3 ,-36 ,-161 ,-251 ,-308 ,-378 ,-285 ,239 ,702 ,1155 ,1627 ,1422 ,1303 ,1556 ,1357 ,1147 ,1443 ,1562 ,
1314 ,1049 ,654 ,270 ,225 ,-168 ,-882 ,-1568 ,-2032 ,-2226 ,-2471 ,-2292 ,-2154 ,-2550 ,-2691 ,-2616 ,-2700 ,-2705 ,-2491 ,-2523 ,-2873 ,-2870 ,-2708 ,-2404 ,-1763 ,-1212 ,-629 ,-203 ,271 ,547 ,596 ,839 ,
936 ,1082 ,1140 ,1078 ,1424 ,1925 ,2167 ,2109 ,1799 ,1231 ,959 ,1170 ,1035 ,1090 ,1547 ,1458 ,1341 ,1500 ,1246 ,1001 ,911 ,273 ,-251 ,-113 ,160 ,265 ,653 ,1175 ,1157 ,1164 ,1349 ,932 ,
539 ,563 ,240 ,33 ,27 ,-209 ,-388 ,-240 ,-89 ,-574 ,-1264 ,-1762 ,-2058 ,-2035 ,-1786 ,-1664 ,-1848 ,-1815 ,-1815 ,-1869 ,-1674 ,-1449 ,-1492 ,-1892 ,-2039 ,-2006 ,-1998 ,-1500 ,-1137 ,-804 ,-200 ,190 ,
507 ,641 ,852 ,1003 ,882 ,554 ,108 ,165 ,576 ,901 ,1161 ,1379 ,1170 ,520 ,542 ,800 ,894 ,1243 ,1318 ,1280 ,1248 ,1209 ,1334 ,1477 ,1350 ,1112 ,917 ,637 ,686 ,1177 ,1460 ,1617 ,
2051 ,2234 ,1978 ,1936 ,2147 ,1947 ,1781 ,1884 ,1437 ,1102 ,1356 ,1527 ,1431 ,1241 ,467 ,-503 ,-694 ,-623 ,-650 ,-779 ,-981 ,-1274 ,-1556 ,-1674 ,-1821 ,-1749 ,-1802 ,-2068 ,-2193 ,-2474 ,-2115 ,-1479 ,
-1408 ,-1330 ,-530 ,20 ,-469 ,-370 ,-3 ,-65 ,-139 ,-462 ,-1051 ,-1265 ,-793 ,-593 ,-712 ,-795 ,-1130 ,-1524 ,-1713 ,-1527 ,-1294 ,-740 ,-340 ,-389 ,-186 ,-233 ,-179 ,-45 ,-249 ,-306 ,-110 ,155 ,
637 ,1362 ,1820 ,2541 ,3326 ,3368 ,3409 ,3584 ,3574 ,3638 ,3813 ,3472 ,2792 ,2666 ,2465 ,2118 ,1796 ,1084 ,92 ,-924 ,-1512 ,-2143 ,-2420 ,-2347 ,-2695 ,-2735 ,-2675 ,-2742 ,-2755 ,-2894 ,-2807 ,-2793 ,
-3023 ,-3277 ,-3168 ,-2697 ,-2040 ,-1404 ,-1040 ,-413 ,-185 ,-648 ,-809 ,-327 ,-338 ,-1112 ,-1033 ,-748 ,-670 ,-15 ,453 ,333 ,132 ,-39 ,-336 ,-506 ,-453 ,-210 ,179 ,484 ,734 ,929 ,1027 ,601 ,
7 ,-305 ,-557 ,-782 ,-682 ,-286 ,229 ,706 ,1371 ,1708 ,1586 ,1594 ,1610 ,1878 ,1978 ,1768 ,1649 ,1506 ,1636 ,1764 ,1507 ,996 ,452 ,-7 ,-305 ,-844 ,-1214 ,-1417 ,-1601 ,-1495 ,-1456 ,-1440 ,
-1424 ,-1282 ,-1307 ,-1654 ,-1591 ,-1518 ,-1477 ,-1259 ,-952 ,-404 ,107 ,578 ,954 ,1308 ,1672 ,1624 ,978 ,472 ,514 ,525 ,490 ,600 ,693 ,444 ,13 ,-171 ,-258 ,-355 ,-279 ,92 ,301 ,145 ,
206 ,446 ,450 ,401 ,387 ,-10 ,-544 ,-750 ,-981 ,-935 ,-536 ,88 ,489 ,562 ,812 ,1008 ,1422 ,1563 ,1009 ,967 ,1408 ,1787 ,2017 ,2159 ,2073 ,1592 ,1048 ,550 ,114 ,-246 ,-100 ,-278 ,
-686 ,-867 ,-1228 ,-1296 ,-1223 ,-1107 ,-1083 ,-982 ,-926 ,-1176 ,-995 ,-649 ,-154 ,638 ,1212 ,1392 ,1536 ,1753 ,1734 ,1610 ,1419 ,1098 ,841 ,610 ,453 ,401 ,383 ,234 ,-341 ,-861 ,-971 ,-926 ,
-918 ,-428 ,366 ,592 ,681 ,1101 ,1188 ,876 ,604 ,251 ,-163 ,-304 ,-256 ,-44 ,426 ,785 ,1155 ,1433 ,1748 ,2199 ,2536 ,2633 ,2409 ,2382 ,2601 ,2685 ,2616 ,2682 ,2949 ,2814 ,2102 ,1232 ,
423 ,-248 ,-893 ,-1353 ,-1664 ,-1904 ,-1910 ,-2111 ,-2518 ,-2865 ,-3133 ,-3285 ,-3363 ,-3334 ,-3158 ,-2674 ,-2013 ,-1387 ,-926 ,-354 ,438 ,1017 ,1508 ,1321 ,941 ,839 ,780 ,1113 ,1430 ,1800 ,2248 ,2329 ,
1827 ,1298 ,1310 ,1197 ,735 ,674 ,988 ,1216 ,1632 ,2101 ,2263 ,2318 ,2295 ,2050 ,1440 ,747 ,350 ,317 ,558 ,614 ,561 ,595 ,813 ,964 ,950 ,914 ,439 ,322 ,707 ,953 ,1030 ,1217 ,
1450 ,1171 ,620 ,349 ,414 ,265 ,-209 ,-675 ,-1301 ,-2020 ,-2420 ,-2589 ,-2813 ,-2805 ,-2622 ,-2846 ,-3346 ,-3935 ,-4167 ,-3947 ,-3534 ,-2888 ,-2262 ,-1424 ,-442 ,261 ,623 ,531 ,297 ,261 ,343 ,393 ,
473 ,591 ,567 ,365 ,93 ,-164 ,-136 ,380 ,485 ,8 ,69 ,404 ,414 ,536 ,835 ,1088 ,1062 ,986 ,999 ,1042 ,1280 ,1683 ,1816 ,1546 ,1463 ,1148 ,872 ,1055 ,798 ,399 ,127 ,106 ,
198 ,556 ,874 ,805 ,948 ,1084 ,869 ,486 ,592 ,762 ,381 ,-139 ,-508 ,-711 ,-1012 ,-1219 ,-1391 ,-1744 ,-2018 ,-2541 ,-2931 ,-2911 ,-2873 ,-2529 ,-2335 ,-2440 ,-2444 ,-2191 ,-1572 ,-857 ,-269 ,-200 ,
-458 ,-617 ,-650 ,-527 ,-462 ,-445 ,-321 ,-299 ,-606 ,-1269 ,-1823 ,-1942 ,-1861 ,-1634 ,-1221 ,-725 ,-122 ,542 ,878 ,699 ,341 ,94 ,72 ,95 ,240 ,641 ,1030 ,1226 ,1566 ,2268 ,3014 ,3562 ,
3819 ,3763 ,3141 ,2216 ,1543 ,1321 ,1418 ,1428 ,1472 ,1467 ,1254 ,638 ,19 ,-360 ,-607 ,-449 ,-220 ,-165 ,-443 ,-523 ,-437 ,-1113 ,-1817 ,-2053 ,-2325 ,-2481 ,-2621 ,-2838 ,-2969 ,-2948 ,-2815 ,-2420 ,
-1519 ,-721 ,-386 ,-220 ,-435 ,-880 ,-780 ,-218 ,208 ,526 ,673 ,641 ,543 ,262 ,-182 ,-518 ,-734 ,-621 ,-478 ,-570 ,-555 ,-443 ,-133 ,82 ,-43 ,-217 ,-11 ,507 ,580 ,172 ,-77 ,85 ,
499 ,551 ,524 ,801 ,899 ,765 ,736 ,890 ,1238 ,1910 ,2439 ,2566 ,2045 ,1317 ,739 ,149 ,-146 ,-432 ,-565 ,-505 ,-661 ,-807 ,-837 ,-659 ,-247 ,37 ,-171 ,-633 ,-753 ,-776 ,-894 ,-1287 ,
-1625 ,-1611 ,-1278 ,-859 ,-697 ,-521 ,-205 ,-100 ,-110 ,25 ,141 ,496 ,1089 ,1399 ,1110 ,617 ,336 ,103 ,-140 ,-298 ,-385 ,-449 ,-285 ,-55 ,109 ,330 ,521 ,696 ,438 ,-85 ,-415 ,-485 ,
-213 ,7 ,273 ,875 ,1426 ,1841 ,2190 ,2349 ,2249 ,1689 ,1326 ,1217 ,838 ,438 ,294 ,316 ,105 ,18 ,516 ,1304 ,1781 ,2000 ,2024 ,1638 ,1260 ,657 ,-286 ,-707 ,-730 ,-897 ,-978 ,-1013 ,
-1100 ,-1070 ,-896 ,-855 ,-906 ,-730 ,-373 ,136 ,694 ,1034 ,849 ,577 ,281 ,-67 ,-107 ,-133 ,30 ,247 ,285 ,222 ,189 ,371 ,554 ,403 ,15 ,-325 ,-459 ,-463 ,-472 ,-340 ,62 ,267 ,
168 ,-106 ,-432 ,-429 ,-252 ,51 ,491 ,960 ,1592 ,2002 ,2129 ,2328 ,2415 ,2126 ,1770 ,1904 ,2201 ,2273 ,2374 ,2324 ,1435 ,195 ,-738 ,-1292 ,-1838 ,-2544 ,-2898 ,-3042 ,-3213 ,-3003 ,-2162 ,-1122 ,
-405 ,-19 ,16 ,-602 ,-1442 ,-2290 ,-3210 ,-3903 ,-3977 ,-3838 ,-3358 ,-2356 ,-1507 ,-844 ,-171 ,179 ,101 ,312 ,731 ,1172 ,1616 ,1918 ,1992 ,1878 ,1728 ,1479 ,1204 ,876 ,587 ,279 ,85 ,138 ,
594 ,1177 ,1678 ,1761 ,1361 ,797 ,158 ,-436 ,-738 ,-719 ,-662 ,-239 ,436 ,955 ,1433 ,1851 ,1984 ,1898 ,1928 ,1728 ,1479 ,1356 ,1248 ,1264 ,1271 ,969 ,734 ,742 ,747 ,444 ,-76 ,-408 ,
-1140 ,-2178 ,-2821 ,-2875 ,-2882 ,-3103 ,-3022 ,-2998 ,-3105 ,-3040 ,-2602 ,-1921 ,-1156 ,-270 ,331 ,808 ,1101 ,886 ,318 ,-575 ,-1408 ,-1855 ,-1723 ,-1076 ,-282 ,428 ,973 ,1456 ,1534 ,1456 ,1406 ,1183 ,
1201 ,1398 ,1334 ,1076 ,974 ,1279 ,1633 ,1752 ,1548 ,1145 ,752 ,324 ,232 ,443 ,719 ,975 ,1129 ,1431 ,1580 ,1670 ,1709 ,1436 ,1266 ,1403 ,1738 ,2068 ,2343 ,2441 ,2445 ,2244 ,1901 ,1646 ,
1266 ,759 ,422 ,192 ,-139 ,-580 ,-813 ,-724 ,-621 ,-628 ,-764 ,-1058 ,-1582 ,-2465 ,-3264 ,-3506 ,-3476 ,-3516 ,-3220 ,-2550 ,-1937 ,-1515 ,-1039 ,-589 ,-197 ,387 ,805 ,982 ,953 ,517 ,-366 ,-1361 ,
-2194 ,-2978 ,-3395 ,-3126 ,-2504 ,-2104 ,-1499 ,-642 ,143 ,692 ,1135 ,1203 ,876 ,684 ,405 ,185 ,42 ,324 ,979 ,1463 ,1934 ,2232 ,2610 ,2776 ,2665 ,2500 ,2453 ,2590 ,2778 ,3046 ,3097 ,2982 ,
2715 ,2525 ,2269 ,1810 ,1423 ,885 ,329 ,-206 ,-753 ,-1137 ,-1351 ,-1314 ,-1275 ,-1433 ,-1699 ,-1949 ,-2271 ,-2645 ,-2858 ,-2668 ,-2495 ,-2497 ,-2216 ,-1695 ,-1364 ,-1577 ,-1874 ,-1928 ,-1773 ,-1477 ,-1147 ,-796 ,
-412 ,8 ,666 ,1475 ,2102 ,2518 ,2785 ,2873 ,2357 ,1252 ,-167 ,-1219 ,-1472 ,-1477 ,-1408 ,-1100 ,-615 ,-230 ,152 ,280 ,500 ,825 ,841 ,808 ,859 ,1187 ,1474 ,1594 ,1745 ,1894 ,2242 ,2553 ,
2547 ,2424 ,2099 ,1844 ,1845 ,1834 ,1813 ,1811 ,1979 ,2116 ,2044 ,1625 ,948 ,384 ,74 ,2 ,-196 ,-411 ,-832 ,-1103 ,-1229 ,-1616 ,-1914 ,-2160 ,-2202 ,-2386 ,-2282 ,-1569 ,-937 ,-412 ,48 ,567 ,
836 ,919 ,866 ,459 ,-105 ,-663 ,-935 ,-1104 ,-1228 ,-910 ,-526 ,-369 ,-282 ,-332 ,-102 ,535 ,1448 ,1977 ,2244 ,2161 ,1332 ,106 ,-1186 ,-2171 ,-2917 ,-3296 ,-3277 ,-2687 ,-1687 ,-704 ,266 ,861 ,
1084 ,1062 ,869 ,807 ,861 ,837 ,760 ,903 ,997 ,1098 ,1232 ,1312 ,1309 ,972 ,372 ,-268 ,-584 ,-636 ,-406 ,-54 ,58 ,128 ,3 ,-288 ,-488 ,-586 ,-810 ,-1176 ,-1506 ,-1594 ,-1462 ,-1299 ,
-1027 ,-1044 ,-1163 ,-1065 ,-1186 ,-1407 ,-1228 ,-964 ,-657 ,-294 ,-89 ,41 ,130 ,131 ,-50 ,-658 ,-1601 ,-2359 ,-2676 ,-2481 ,-1983 ,-1537 ,-944 ,-495 ,-551 ,-361 ,88 ,543 ,1190 ,1674 ,1979 ,2144 ,
1870 ,1170 ,432 ,-135 ,-597 ,-781 ,-570 ,-26 ,686 ,1420 ,2046 ,2375 ,2302 ,1963 ,1623 ,1219 ,762 ,227 ,-302 ,-728 ,-1086 ,-1035 ,-822 ,-650 ,-667 ,-1177 ,-1610 ,-1881 ,-1903 ,-1984 ,-2308 ,-2411 ,
-2270 ,-1993 ,-1693 ,-1513 ,-1399 ,-1184 ,-962 ,-773 ,-726 ,-824 ,-549 ,-299 ,-109 ,124 ,208 ,345 ,569 ,551 ,336 ,150 ,-142 ,-294 ,41 ,559 ,1279 ,1895 ,2015 ,1420 ,487 ,-146 ,-444 ,-632 ,
-1039 ,-1253 ,-920 ,-254 ,641 ,1674 ,2612 ,3132 ,3281 ,3410 ,3226 ,2597 ,1763 ,677 ,-243 ,-894 ,-1496 ,-1567 ,-1086 ,-412 ,89 ,461 ,496 ,201 ,-168 ,-599 ,-907 ,-1249 ,-1722 ,-2250 ,-2531 ,-2403 ,
-2073 ,